param,mean,median,ci_0.950_LB,ci_0.950_UB
q_ind_0_pop_0,0.002170,0.000598,0.000000,0.013702
q_ind_1_pop_0,0.001597,0.000508,0.000000,0.008948
q_ind_2_pop_0,0.002082,0.000683,0.000000,0.011846
q_ind_3_pop_0,0.002092,0.000786,0.000000,0.010965
q_ind_4_pop_0,0.032223,0.032070,0.006678,0.055334
q_ind_5_pop_0,0.001979,0.000593,0.000000,0.011935
q_ind_6_pop_0,0.001262,0.000404,0.000000,0.006892
q_ind_7_pop_0,0.003517,0.001386,0.000000,0.016199
q_ind_8_pop_0,0.002881,0.001288,0.000000,0.014309
q_ind_9_pop_0,0.001055,0.000281,0.000000,0.006558
q_ind_10_pop_0,0.005948,0.003607,0.000001,0.023264
q_ind_11_pop_0,0.002526,0.000779,0.000000,0.013841
q_ind_12_pop_0,0.455625,0.455865,0.415536,0.496816
q_ind_13_pop_0,0.432023,0.431109,0.392205,0.475006
q_ind_14_pop_0,0.459792,0.459856,0.415083,0.502639
q_ind_15_pop_0,0.425110,0.425369,0.380001,0.468816
q_ind_16_pop_0,0.430981,0.430377,0.391383,0.474408
q_ind_17_pop_0,0.500016,0.499267,0.453829,0.547229
q_ind_18_pop_0,0.415987,0.415997,0.375694,0.456499
q_ind_19_pop_0,0.411921,0.412829,0.368799,0.452172
q_ind_20_pop_0,0.023067,0.021089,0.000027,0.059665
q_ind_21_pop_0,0.017587,0.016336,0.000023,0.045530
q_ind_22_pop_0,0.009860,0.005592,0.000001,0.039168
q_ind_23_pop_0,0.037054,0.037662,0.000073,0.077863
q_ind_24_pop_0,0.038998,0.038966,0.001911,0.074318
q_ind_25_pop_0,0.006643,0.003066,0.000000,0.030685
q_ind_26_pop_0,0.003477,0.001265,0.000000,0.018332
q_ind_27_pop_0,0.007543,0.004253,0.000000,0.030909
q_ind_28_pop_0,0.028942,0.028847,0.000406,0.059630
q_ind_29_pop_0,0.004902,0.001964,0.000000,0.023139
q_ind_30_pop_0,0.089672,0.089612,0.060707,0.119023
q_ind_31_pop_0,0.097843,0.097277,0.059950,0.139070
q_ind_32_pop_0,0.066137,0.066382,0.029729,0.101399
q_ind_33_pop_0,0.064662,0.065357,0.021130,0.101265
q_ind_34_pop_0,0.090874,0.090734,0.059673,0.122624
q_ind_35_pop_0,0.071535,0.070956,0.041909,0.103008
q_ind_36_pop_0,0.076335,0.075580,0.047405,0.107688
q_ind_37_pop_0,0.068816,0.068554,0.035730,0.103747
q_ind_38_pop_0,0.140293,0.140686,0.107019,0.173346
q_ind_39_pop_0,0.053881,0.055221,0.009548,0.093654
q_ind_40_pop_0,0.071400,0.072353,0.020216,0.112997
q_ind_41_pop_0,0.345171,0.343745,0.296109,0.395024
q_ind_42_pop_0,0.348314,0.347546,0.297674,0.401871
q_ind_43_pop_0,0.364775,0.364306,0.311558,0.420078
q_ind_44_pop_0,0.361929,0.361067,0.314459,0.414013
q_ind_45_pop_0,0.361601,0.360551,0.309685,0.417188
q_ind_46_pop_0,0.390011,0.389440,0.339577,0.442321
q_ind_47_pop_0,0.374882,0.374563,0.326064,0.423846
q_ind_48_pop_0,0.555461,0.555205,0.516177,0.596072
q_ind_49_pop_0,0.573797,0.573877,0.532300,0.615500
q_ind_50_pop_0,0.609418,0.609463,0.569059,0.649793
q_ind_51_pop_0,0.580587,0.580039,0.540092,0.623864
q_ind_52_pop_0,0.585589,0.584468,0.545095,0.631432
q_ind_53_pop_0,0.576747,0.576197,0.537314,0.618846
q_ind_54_pop_0,0.359455,0.358249,0.313813,0.410041
q_ind_55_pop_0,0.593444,0.593258,0.550871,0.637051
q_ind_56_pop_0,0.594925,0.594335,0.553069,0.640602
q_ind_57_pop_0,0.547286,0.546728,0.507357,0.589607
q_ind_58_pop_0,0.599531,0.599927,0.554256,0.642713
q_ind_59_pop_0,0.608046,0.608524,0.560372,0.655314
q_ind_60_pop_0,0.009115,0.003948,0.000000,0.043857
q_ind_61_pop_0,0.039767,0.039944,0.000162,0.085958
q_ind_62_pop_0,0.069742,0.068507,0.036047,0.109234
q_ind_63_pop_0,0.054570,0.053443,0.017816,0.095981
q_ind_64_pop_0,0.050018,0.048757,0.019911,0.085400
q_ind_65_pop_0,0.045046,0.043949,0.011278,0.086072
q_ind_66_pop_0,0.074355,0.072830,0.037764,0.116126
q_ind_67_pop_0,0.117794,0.116623,0.078274,0.165350
q_ind_68_pop_0,0.033052,0.032177,0.000392,0.075153
q_ind_69_pop_0,0.002266,0.000789,0.000000,0.012605
q_ind_70_pop_0,0.002265,0.000797,0.000000,0.012131
q_ind_71_pop_0,0.007000,0.004003,0.000001,0.026469
q_ind_72_pop_0,0.009486,0.006903,0.000001,0.032961
q_ind_73_pop_0,0.023568,0.022963,0.000276,0.050763
q_ind_74_pop_0,0.015947,0.013829,0.000011,0.044149
q_ind_75_pop_0,0.004619,0.002082,0.000000,0.021545
q_ind_76_pop_0,0.009011,0.006142,0.000001,0.032060
q_ind_77_pop_0,0.011507,0.009977,0.000004,0.034415
q_ind_78_pop_0,0.003658,0.001354,0.000000,0.019440
q_ind_79_pop_0,0.029554,0.029159,0.006796,0.054254
q_ind_80_pop_0,0.269293,0.269319,0.219714,0.318010
q_ind_81_pop_0,0.279820,0.279942,0.240448,0.318773
q_ind_82_pop_0,0.328498,0.328686,0.279031,0.378776
q_ind_83_pop_0,0.279167,0.279101,0.233943,0.323745
q_ind_84_pop_0,0.284638,0.284733,0.241607,0.327808
q_ind_85_pop_0,0.276291,0.276076,0.236219,0.317036
q_ind_86_pop_0,0.184666,0.184023,0.150352,0.221887
q_ind_87_pop_0,0.267970,0.267752,0.220467,0.315590
q_ind_88_pop_0,0.977243,0.977974,0.948733,0.999205
q_ind_89_pop_0,0.980449,0.981949,0.951497,0.999294
q_ind_90_pop_0,0.434781,0.435497,0.394213,0.471683
q_ind_91_pop_0,0.435275,0.435495,0.398145,0.471421
q_ind_92_pop_0,0.995919,0.997436,0.984160,0.999969
q_ind_93_pop_0,0.997152,0.998112,0.989442,0.999976
q_ind_94_pop_0,0.987020,0.988956,0.963214,0.999780
q_ind_95_pop_0,0.997368,0.998483,0.988248,0.999980
q_ind_96_pop_0,0.466877,0.465972,0.427396,0.499978
q_ind_97_pop_0,0.921677,0.922182,0.884629,0.957243
q_ind_98_pop_0,0.002729,0.000974,0.000000,0.014572
q_ind_99_pop_0,0.010029,0.006604,0.000001,0.036511
q_ind_100_pop_0,0.008551,0.003220,0.000000,0.041678
q_ind_101_pop_0,0.007881,0.004599,0.000001,0.032425
q_ind_102_pop_0,0.021630,0.019757,0.000021,0.057332
q_ind_103_pop_0,0.144381,0.144476,0.101599,0.186590
q_ind_104_pop_0,0.005677,0.002326,0.000000,0.027303
q_ind_105_pop_0,0.020201,0.018243,0.000004,0.057266
q_ind_106_pop_0,0.901528,0.901654,0.862472,0.938932
q_ind_107_pop_0,0.959819,0.960179,0.923305,0.992140
q_ind_108_pop_0,0.977514,0.979605,0.944411,0.999273
q_ind_109_pop_0,0.910837,0.911180,0.874900,0.945257
q_ind_110_pop_0,0.992451,0.994261,0.975353,0.999881
q_ind_111_pop_0,0.966231,0.967321,0.933272,0.993181
q_ind_112_pop_0,0.985295,0.987273,0.960561,0.999590
q_ind_113_pop_0,0.970628,0.972237,0.933745,0.998123
q_ind_114_pop_0,0.708930,0.708636,0.670122,0.749434
q_ind_115_pop_0,0.003747,0.001121,0.000000,0.020046
q_ind_116_pop_0,0.021145,0.019135,0.000018,0.056336
q_ind_117_pop_0,0.066563,0.066278,0.036033,0.099488
q_ind_118_pop_0,0.049832,0.049463,0.015947,0.090144
q_ind_119_pop_0,0.029850,0.029832,0.000638,0.060478
q_ind_120_pop_0,0.049568,0.048292,0.017546,0.090420
q_ind_121_pop_0,0.085964,0.085701,0.059575,0.113066
q_ind_122_pop_0,0.035372,0.034767,0.015648,0.058122
q_ind_123_pop_0,0.010297,0.006889,0.000001,0.036032
q_ind_124_pop_0,0.009179,0.005530,0.000001,0.034927
q_ind_125_pop_0,0.003730,0.001371,0.000000,0.019220
q_ind_126_pop_0,0.011455,0.006519,0.000001,0.044656
q_ind_127_pop_0,0.010287,0.007683,0.000001,0.034111
q_ind_128_pop_0,0.005402,0.001911,0.000000,0.026204
q_ind_129_pop_0,0.010857,0.007315,0.000001,0.041880
q_ind_130_pop_0,0.038129,0.038080,0.002827,0.070899
q_ind_131_pop_0,0.010633,0.007001,0.000001,0.038650
q_ind_132_pop_0,0.111974,0.111672,0.080650,0.145675
q_ind_133_pop_0,0.016784,0.014116,0.000003,0.050604
q_ind_134_pop_0,0.013471,0.010753,0.000005,0.043223
q_ind_135_pop_0,0.001545,0.000461,0.000000,0.009334
q_ind_136_pop_0,0.016219,0.015316,0.000200,0.037831
q_ind_137_pop_0,0.001549,0.000421,0.000000,0.010301
q_ind_138_pop_0,0.002411,0.000924,0.000000,0.012050
q_ind_139_pop_0,0.001944,0.000535,0.000000,0.011823
q_ind_140_pop_0,0.002471,0.000869,0.000000,0.012669
q_ind_141_pop_0,0.003318,0.001323,0.000000,0.016479
q_ind_142_pop_0,0.001502,0.000441,0.000000,0.009338
q_ind_143_pop_0,0.003650,0.001481,0.000000,0.017659
q_ind_144_pop_0,0.012340,0.010264,0.000004,0.037701
q_ind_145_pop_0,0.003851,0.001303,0.000000,0.019677
q_ind_146_pop_0,0.009591,0.005854,0.000001,0.037172
q_ind_147_pop_0,0.043497,0.042853,0.011905,0.077488
q_ind_148_pop_0,0.004762,0.002272,0.000000,0.021825
q_ind_149_pop_0,0.012244,0.007547,0.000001,0.049557
q_ind_150_pop_0,0.006058,0.002546,0.000000,0.030024
q_ind_151_pop_0,0.011677,0.008809,0.000002,0.038151
q_ind_152_pop_0,0.074097,0.074197,0.039924,0.108136
q_ind_153_pop_0,0.002994,0.001019,0.000000,0.016612
q_ind_154_pop_0,0.016914,0.013648,0.000009,0.051829
q_ind_155_pop_0,0.049939,0.049794,0.028123,0.073390
q_ind_156_pop_0,0.004759,0.001822,0.000000,0.023738
q_ind_157_pop_0,0.006008,0.003525,0.000001,0.024736
q_ind_158_pop_0,0.007767,0.005338,0.000002,0.027537
q_ind_159_pop_0,0.004206,0.001085,0.000000,0.025091
q_ind_160_pop_0,0.055296,0.054829,0.026266,0.087075
q_ind_161_pop_0,0.018221,0.016948,0.000045,0.046364
q_ind_162_pop_0,0.002161,0.000648,0.000000,0.012689
q_ind_163_pop_0,0.024048,0.024261,0.000676,0.048886
q_ind_164_pop_0,0.023258,0.021733,0.000017,0.058291
q_ind_165_pop_0,0.027842,0.027164,0.000041,0.068060
q_ind_166_pop_0,0.014159,0.008947,0.000002,0.057223
q_ind_167_pop_0,0.004195,0.001318,0.000000,0.023016
q_ind_168_pop_0,0.010235,0.003726,0.000000,0.055796
q_ind_169_pop_0,0.006929,0.002044,0.000000,0.043047
q_ind_170_pop_0,0.008464,0.003252,0.000000,0.036844
q_ind_171_pop_0,0.002701,0.001150,0.000000,0.013775
q_ind_172_pop_0,0.001015,0.000293,0.000000,0.006000
q_ind_173_pop_0,0.001118,0.000343,0.000000,0.006585
q_ind_174_pop_0,0.002859,0.001021,0.000000,0.014812
q_ind_175_pop_0,0.000880,0.000252,0.000000,0.005141
q_ind_176_pop_0,0.001150,0.000354,0.000000,0.006755
q_ind_177_pop_0,0.065189,0.064865,0.037929,0.094407
q_ind_178_pop_0,0.000943,0.000266,0.000000,0.005928
q_ind_179_pop_0,0.005068,0.001878,0.000000,0.027668
q_ind_180_pop_0,0.010308,0.006862,0.000001,0.037475
q_ind_181_pop_0,0.022577,0.021757,0.000028,0.056309
q_ind_182_pop_0,0.023303,0.022276,0.000083,0.053903
q_ind_183_pop_0,0.050537,0.050519,0.017734,0.085712
q_ind_184_pop_0,0.004779,0.001155,0.000000,0.024403
q_ind_185_pop_0,0.010872,0.006561,0.000001,0.040516
q_ind_186_pop_0,0.003299,0.001008,0.000000,0.018995
q_ind_187_pop_0,0.004886,0.001810,0.000000,0.025574
q_ind_188_pop_0,0.234173,0.234466,0.198738,0.268880
q_ind_189_pop_0,0.049442,0.048605,0.017762,0.085073
q_ind_190_pop_0,0.053246,0.052965,0.023900,0.084300
q_ind_191_pop_0,0.023308,0.022584,0.000021,0.056799
q_ind_192_pop_0,0.060595,0.060425,0.025252,0.099979
q_ind_193_pop_0,0.029166,0.028981,0.000184,0.063118
q_ind_194_pop_0,0.073485,0.072813,0.043766,0.105288
q_ind_195_pop_0,0.058226,0.057468,0.029694,0.088503
q_ind_196_pop_0,0.075564,0.075136,0.042836,0.110832
q_ind_197_pop_0,0.078572,0.078361,0.045461,0.111932
q_ind_198_pop_0,0.040414,0.040041,0.011916,0.071289
q_ind_199_pop_0,0.040675,0.039977,0.007958,0.074976
q_ind_200_pop_0,0.143429,0.144845,0.105661,0.173610
q_ind_201_pop_0,0.067274,0.066056,0.036035,0.104946
q_ind_202_pop_0,0.045063,0.045049,0.011191,0.077370
q_ind_203_pop_0,0.071916,0.070294,0.038281,0.112895
q_ind_204_pop_0,0.056006,0.055374,0.025385,0.091881
q_ind_205_pop_0,0.060792,0.060397,0.024782,0.101380
q_ind_206_pop_0,0.081617,0.081184,0.045591,0.119344
q_ind_207_pop_0,0.063398,0.062782,0.033290,0.095493
q_ind_208_pop_0,0.133505,0.132134,0.094732,0.177633
q_ind_209_pop_0,0.069340,0.068378,0.038628,0.104034
q_ind_210_pop_0,0.081468,0.080684,0.045607,0.119327
q_ind_211_pop_0,0.056159,0.055684,0.010512,0.099748
q_ind_212_pop_0,0.073902,0.072028,0.037001,0.118342
q_ind_213_pop_0,0.081044,0.080074,0.043215,0.122764
q_ind_214_pop_0,0.080959,0.079042,0.040861,0.126188
q_ind_215_pop_0,0.067706,0.066698,0.030826,0.108415
q_ind_216_pop_0,0.140080,0.138964,0.097432,0.184761
q_ind_217_pop_0,0.088771,0.088048,0.048248,0.132016
q_ind_218_pop_0,0.083693,0.082585,0.046174,0.125775
q_ind_219_pop_0,0.117148,0.115416,0.076282,0.163402
q_ind_220_pop_0,0.058446,0.056761,0.029464,0.093554
q_ind_221_pop_0,0.129900,0.128514,0.090022,0.173989
q_ind_0_pop_1,0.002275,0.000669,0.000000,0.014346
q_ind_1_pop_1,0.001416,0.000363,0.000000,0.008496
q_ind_2_pop_1,0.004172,0.001819,0.000000,0.019664
q_ind_3_pop_1,0.002659,0.001061,0.000000,0.013291
q_ind_4_pop_1,0.005749,0.001368,0.000000,0.032816
q_ind_5_pop_1,0.001351,0.000418,0.000000,0.007720
q_ind_6_pop_1,0.006161,0.003585,0.000000,0.024117
q_ind_7_pop_1,0.006038,0.002931,0.000000,0.026164
q_ind_8_pop_1,0.001874,0.000628,0.000000,0.009944
q_ind_9_pop_1,0.001088,0.000280,0.000000,0.006832
q_ind_10_pop_1,0.003657,0.001557,0.000000,0.017803
q_ind_11_pop_1,0.001529,0.000484,0.000000,0.008574
q_ind_12_pop_1,0.120849,0.119986,0.075033,0.171211
q_ind_13_pop_1,0.139157,0.137188,0.090050,0.201665
q_ind_14_pop_1,0.122080,0.120692,0.070277,0.181500
q_ind_15_pop_1,0.120058,0.118642,0.075509,0.170448
q_ind_16_pop_1,0.161751,0.160424,0.117344,0.211757
q_ind_17_pop_1,0.098560,0.098024,0.046532,0.153551
q_ind_18_pop_1,0.136848,0.136067,0.096454,0.183217
q_ind_19_pop_1,0.093874,0.092253,0.053050,0.139399
q_ind_20_pop_1,0.080510,0.078101,0.033231,0.134224
q_ind_21_pop_1,0.089936,0.087297,0.052541,0.136090
q_ind_22_pop_1,0.053610,0.051283,0.014208,0.098940
q_ind_23_pop_1,0.070657,0.069262,0.016891,0.125335
q_ind_24_pop_1,0.088754,0.085826,0.047053,0.144137
q_ind_25_pop_1,0.078344,0.075883,0.040090,0.123953
q_ind_26_pop_1,0.124895,0.122379,0.081446,0.179004
q_ind_27_pop_1,0.069854,0.066718,0.026037,0.121693
q_ind_28_pop_1,0.069562,0.066831,0.028784,0.122789
q_ind_29_pop_1,0.093749,0.091711,0.055055,0.136499
q_ind_30_pop_1,0.012266,0.009619,0.000005,0.038856
q_ind_31_pop_1,0.007359,0.003022,0.000000,0.034620
q_ind_32_pop_1,0.020203,0.018330,0.000006,0.055865
q_ind_33_pop_1,0.016069,0.014324,0.000011,0.044754
q_ind_34_pop_1,0.017941,0.014592,0.000004,0.052634
q_ind_35_pop_1,0.009977,0.006396,0.000001,0.037777
q_ind_36_pop_1,0.019794,0.017615,0.000008,0.056282
q_ind_37_pop_1,0.012907,0.008360,0.000001,0.050823
q_ind_38_pop_1,0.093106,0.092170,0.059774,0.131883
q_ind_39_pop_1,0.078961,0.076301,0.040383,0.129050
q_ind_40_pop_1,0.014992,0.004748,0.000001,0.071244
q_ind_41_pop_1,0.612506,0.613233,0.560132,0.664582
q_ind_42_pop_1,0.631961,0.632490,0.575698,0.683981
q_ind_43_pop_1,0.616856,0.617436,0.556087,0.674514
q_ind_44_pop_1,0.631891,0.633056,0.580753,0.679308
q_ind_45_pop_1,0.613078,0.614466,0.556637,0.665054
q_ind_46_pop_1,0.597962,0.598480,0.543487,0.647525
q_ind_47_pop_1,0.615465,0.615633,0.563324,0.664541
q_ind_48_pop_1,0.310964,0.311182,0.265312,0.357201
q_ind_49_pop_1,0.293124,0.292511,0.249167,0.341156
q_ind_50_pop_1,0.287479,0.286235,0.246875,0.333324
q_ind_51_pop_1,0.299471,0.299542,0.256098,0.343491
q_ind_52_pop_1,0.329201,0.329517,0.283199,0.371677
q_ind_53_pop_1,0.316479,0.315935,0.273316,0.359974
q_ind_54_pop_1,0.250822,0.250879,0.193908,0.313268
q_ind_55_pop_1,0.319262,0.319134,0.276293,0.363529
q_ind_56_pop_1,0.265548,0.265971,0.221221,0.308992
q_ind_57_pop_1,0.319007,0.318406,0.275745,0.364153
q_ind_58_pop_1,0.287431,0.286399,0.242555,0.335723
q_ind_59_pop_1,0.273053,0.272637,0.225272,0.323354
q_ind_60_pop_1,0.789085,0.789452,0.746379,0.829253
q_ind_61_pop_1,0.600056,0.600023,0.549021,0.651823
q_ind_62_pop_1,0.612969,0.612254,0.573009,0.655629
q_ind_63_pop_1,0.768551,0.768070,0.722595,0.817337
q_ind_64_pop_1,0.742710,0.742626,0.695472,0.789577
q_ind_65_pop_1,0.777767,0.777600,0.729764,0.825630
q_ind_66_pop_1,0.579007,0.578263,0.528027,0.632692
q_ind_67_pop_1,0.478867,0.481589,0.433946,0.512893
q_ind_68_pop_1,0.813398,0.813723,0.764894,0.860891
q_ind_69_pop_1,0.036011,0.034644,0.000150,0.079452
q_ind_70_pop_1,0.012066,0.005721,0.000001,0.050938
q_ind_71_pop_1,0.041423,0.039358,0.008698,0.082931
q_ind_72_pop_1,0.027737,0.025918,0.000107,0.068690
q_ind_73_pop_1,0.022475,0.021412,0.000086,0.055126
q_ind_74_pop_1,0.048928,0.047860,0.009578,0.093148
q_ind_75_pop_1,0.040489,0.038863,0.015079,0.072048
q_ind_76_pop_1,0.010835,0.004974,0.000001,0.046600
q_ind_77_pop_1,0.034423,0.032710,0.002611,0.073816
q_ind_78_pop_1,0.049756,0.048195,0.014641,0.092989
q_ind_79_pop_1,0.012567,0.006885,0.000001,0.052490
q_ind_80_pop_1,0.019297,0.013763,0.000004,0.064484
q_ind_81_pop_1,0.006306,0.002737,0.000000,0.028498
q_ind_82_pop_1,0.016987,0.011450,0.000002,0.056573
q_ind_83_pop_1,0.026749,0.025519,0.000066,0.064629
q_ind_84_pop_1,0.028665,0.027909,0.000044,0.068787
q_ind_85_pop_1,0.022361,0.020948,0.000016,0.057125
q_ind_86_pop_1,0.114652,0.114496,0.081656,0.148546
q_ind_87_pop_1,0.023407,0.020241,0.000006,0.066945
q_ind_88_pop_1,0.011206,0.009480,0.000002,0.034592
q_ind_89_pop_1,0.011918,0.009120,0.000002,0.039126
q_ind_90_pop_1,0.089655,0.086533,0.052037,0.139979
q_ind_91_pop_1,0.009785,0.002835,0.000000,0.046917
q_ind_92_pop_1,0.001556,0.000436,0.000000,0.009838
q_ind_93_pop_1,0.000975,0.000306,0.000000,0.005433
q_ind_94_pop_1,0.006322,0.003825,0.000001,0.024790
q_ind_95_pop_1,0.001210,0.000309,0.000000,0.008347
q_ind_96_pop_1,0.089046,0.087460,0.055192,0.131631
q_ind_97_pop_1,0.012968,0.007850,0.000001,0.047876
q_ind_98_pop_1,0.371030,0.370175,0.322811,0.424779
q_ind_99_pop_1,0.358089,0.357777,0.310207,0.408502
q_ind_100_pop_1,0.397942,0.397626,0.341011,0.456935
q_ind_101_pop_1,0.374230,0.373951,0.327917,0.423727
q_ind_102_pop_1,0.379821,0.379653,0.331198,0.428786
q_ind_103_pop_1,0.216055,0.216742,0.169435,0.261135
q_ind_104_pop_1,0.333212,0.332137,0.282418,0.391604
q_ind_105_pop_1,0.368861,0.368105,0.308722,0.434089
q_ind_106_pop_1,0.078250,0.078970,0.037143,0.117985
q_ind_107_pop_1,0.024119,0.021587,0.000048,0.064297
q_ind_108_pop_1,0.010935,0.007155,0.000001,0.041681
q_ind_109_pop_1,0.049414,0.049228,0.009800,0.087805
q_ind_110_pop_1,0.003384,0.001289,0.000000,0.018149
q_ind_111_pop_1,0.017044,0.014917,0.000007,0.050087
q_ind_112_pop_1,0.008503,0.005447,0.000001,0.031871
q_ind_113_pop_1,0.015580,0.012647,0.000011,0.049016
q_ind_114_pop_1,0.089603,0.089177,0.048622,0.132737
q_ind_115_pop_1,0.047314,0.045702,0.017018,0.084386
q_ind_116_pop_1,0.064669,0.063222,0.025670,0.113103
q_ind_117_pop_1,0.016948,0.012261,0.000003,0.059699
q_ind_118_pop_1,0.049406,0.048375,0.000678,0.096196
q_ind_119_pop_1,0.036368,0.034521,0.001704,0.078673
q_ind_120_pop_1,0.020118,0.016856,0.000008,0.054063
q_ind_121_pop_1,0.018802,0.016253,0.000028,0.053250
q_ind_122_pop_1,0.026036,0.026454,0.000731,0.050885
q_ind_123_pop_1,0.162969,0.160205,0.115197,0.246040
q_ind_124_pop_1,0.152422,0.150539,0.105505,0.204390
q_ind_125_pop_1,0.128012,0.125360,0.089618,0.175457
q_ind_126_pop_1,0.171929,0.169943,0.124285,0.225024
q_ind_127_pop_1,0.154618,0.152167,0.115316,0.201117
q_ind_128_pop_1,0.118320,0.117502,0.090436,0.151636
q_ind_129_pop_1,0.166116,0.165638,0.127471,0.206046
q_ind_130_pop_1,0.149528,0.147459,0.108921,0.195389
q_ind_131_pop_1,0.165754,0.163418,0.122579,0.218169
q_ind_132_pop_1,0.162163,0.161364,0.120003,0.209775
q_ind_133_pop_1,0.157010,0.154280,0.113414,0.210968
q_ind_134_pop_1,0.155523,0.153540,0.111964,0.202693
q_ind_135_pop_1,0.000924,0.000268,0.000000,0.005700
q_ind_136_pop_1,0.002434,0.000854,0.000000,0.013790
q_ind_137_pop_1,0.001135,0.000317,0.000000,0.007030
q_ind_138_pop_1,0.000919,0.000239,0.000000,0.005756
q_ind_139_pop_1,0.001331,0.000388,0.000000,0.007679
q_ind_140_pop_1,0.002243,0.000736,0.000000,0.012695
q_ind_141_pop_1,0.003399,0.001513,0.000000,0.015790
q_ind_142_pop_1,0.000742,0.000206,0.000000,0.004579
q_ind_143_pop_1,0.002366,0.000761,0.000000,0.013679
q_ind_144_pop_1,0.127737,0.126743,0.086907,0.174548
q_ind_145_pop_1,0.153705,0.152980,0.111656,0.199839
q_ind_146_pop_1,0.149254,0.147233,0.105840,0.203030
q_ind_147_pop_1,0.235588,0.235414,0.194899,0.278083
q_ind_148_pop_1,0.067494,0.067033,0.042026,0.096582
q_ind_149_pop_1,0.123237,0.120848,0.075502,0.185377
q_ind_150_pop_1,0.117001,0.113987,0.072815,0.177740
q_ind_151_pop_1,0.155196,0.152241,0.112510,0.211353
q_ind_152_pop_1,0.126244,0.123556,0.084062,0.180860
q_ind_153_pop_1,0.118786,0.116075,0.075757,0.167878
q_ind_154_pop_1,0.172918,0.172737,0.134902,0.213304
q_ind_155_pop_1,0.042816,0.042277,0.019829,0.068477
q_ind_156_pop_1,0.003666,0.001214,0.000000,0.019921
q_ind_157_pop_1,0.002978,0.001230,0.000000,0.015302
q_ind_158_pop_1,0.002265,0.000681,0.000000,0.012519
q_ind_159_pop_1,0.002869,0.000659,0.000000,0.018873
q_ind_160_pop_1,0.047617,0.048117,0.012866,0.085108
q_ind_161_pop_1,0.002866,0.000705,0.000000,0.017495
q_ind_162_pop_1,0.003704,0.001027,0.000000,0.020623
q_ind_163_pop_1,0.039161,0.038217,0.015252,0.065803
q_ind_164_pop_1,0.547416,0.546635,0.498671,0.603462
q_ind_165_pop_1,0.555891,0.555626,0.507028,0.608652
q_ind_166_pop_1,0.578422,0.577297,0.531864,0.630830
q_ind_167_pop_1,0.586202,0.584409,0.530733,0.653282
q_ind_168_pop_1,0.463769,0.463299,0.414818,0.514938
q_ind_169_pop_1,0.559160,0.558112,0.506791,0.618909
q_ind_170_pop_1,0.001971,0.000635,0.000000,0.012200
q_ind_171_pop_1,0.004892,0.001970,0.000000,0.023271
q_ind_172_pop_1,0.001588,0.000442,0.000000,0.009911
q_ind_173_pop_1,0.002985,0.001082,0.000000,0.016398
q_ind_174_pop_1,0.004234,0.001511,0.000000,0.021909
q_ind_175_pop_1,0.001405,0.000411,0.000000,0.008267
q_ind_176_pop_1,0.001672,0.000497,0.000000,0.009997
q_ind_177_pop_1,0.317216,0.317386,0.286666,0.347333
q_ind_178_pop_1,0.001439,0.000420,0.000000,0.008431
q_ind_179_pop_1,0.010156,0.005921,0.000001,0.041277
q_ind_180_pop_1,0.004699,0.001690,0.000000,0.023966
q_ind_181_pop_1,0.013316,0.010697,0.000002,0.044460
q_ind_182_pop_1,0.008134,0.003513,0.000000,0.036290
q_ind_183_pop_1,0.007574,0.003600,0.000000,0.033779
q_ind_184_pop_1,0.127789,0.128231,0.096532,0.158685
q_ind_185_pop_1,0.011914,0.008474,0.000002,0.039407
q_ind_186_pop_1,0.164534,0.164032,0.127936,0.203224
q_ind_187_pop_1,0.023583,0.022246,0.001650,0.051728
q_ind_188_pop_1,0.155789,0.155374,0.124793,0.189385
q_ind_189_pop_1,0.150544,0.150110,0.108368,0.193876
q_ind_190_pop_1,0.125872,0.124542,0.089526,0.171037
q_ind_191_pop_1,0.118817,0.117726,0.079210,0.162007
q_ind_192_pop_1,0.155714,0.154639,0.116038,0.200385
q_ind_193_pop_1,0.153134,0.152039,0.114703,0.196439
q_ind_194_pop_1,0.097621,0.095371,0.062269,0.142674
q_ind_195_pop_1,0.152158,0.151031,0.107783,0.200707
q_ind_196_pop_1,0.117268,0.116445,0.077202,0.162112
q_ind_197_pop_1,0.124026,0.122565,0.079651,0.177015
q_ind_198_pop_1,0.138778,0.137000,0.098891,0.189903
q_ind_199_pop_1,0.208104,0.208147,0.172797,0.243876
q_ind_200_pop_1,0.087467,0.086398,0.060659,0.122260
q_ind_201_pop_1,0.266054,0.266107,0.214807,0.315967
q_ind_202_pop_1,0.209945,0.209469,0.169501,0.252205
q_ind_203_pop_1,0.268988,0.270047,0.217456,0.315969
q_ind_204_pop_1,0.254584,0.254595,0.210691,0.300387
q_ind_205_pop_1,0.255947,0.255954,0.205629,0.305188
q_ind_206_pop_1,0.233521,0.233532,0.187575,0.278965
q_ind_207_pop_1,0.195332,0.195594,0.156410,0.232192
q_ind_208_pop_1,0.250008,0.250263,0.205028,0.297041
q_ind_209_pop_1,0.226919,0.227395,0.184784,0.269873
q_ind_210_pop_1,0.903884,0.904155,0.857451,0.946247
q_ind_211_pop_1,0.842606,0.842034,0.795679,0.895247
q_ind_212_pop_1,0.859870,0.859656,0.809564,0.910643
q_ind_213_pop_1,0.893608,0.895108,0.844972,0.935975
q_ind_214_pop_1,0.822377,0.822340,0.769992,0.873288
q_ind_215_pop_1,0.883781,0.884810,0.833933,0.929817
q_ind_216_pop_1,0.718551,0.719124,0.669038,0.767443
q_ind_217_pop_1,0.757059,0.756362,0.710476,0.806732
q_ind_218_pop_1,0.828542,0.828562,0.781911,0.874090
q_ind_219_pop_1,0.648435,0.647691,0.597370,0.705612
q_ind_220_pop_1,0.885090,0.885196,0.838286,0.933726
q_ind_221_pop_1,0.645970,0.645313,0.598233,0.697544
q_ind_0_pop_2,0.596098,0.596252,0.570303,0.620793
q_ind_1_pop_2,0.642676,0.643227,0.610899,0.672620
q_ind_2_pop_2,0.705279,0.706023,0.674123,0.732857
q_ind_3_pop_2,0.707307,0.707701,0.678210,0.733774
q_ind_4_pop_2,0.501882,0.499915,0.495129,0.519010
q_ind_5_pop_2,0.684822,0.685218,0.655286,0.713309
q_ind_6_pop_2,0.698926,0.699339,0.666116,0.730154
q_ind_7_pop_2,0.700711,0.701177,0.669580,0.728663
q_ind_8_pop_2,0.711307,0.711889,0.678523,0.741466
q_ind_9_pop_2,0.704609,0.705113,0.674952,0.732178
q_ind_10_pop_2,0.705259,0.705416,0.674201,0.733982
q_ind_11_pop_2,0.696282,0.696956,0.664327,0.723703
q_ind_12_pop_2,0.138529,0.138334,0.109109,0.169781
q_ind_13_pop_2,0.158093,0.158793,0.115987,0.197108
q_ind_14_pop_2,0.157306,0.157050,0.125788,0.190759
q_ind_15_pop_2,0.148403,0.148311,0.120168,0.178052
q_ind_16_pop_2,0.143772,0.143683,0.108797,0.178499
q_ind_17_pop_2,0.139387,0.138802,0.103643,0.177494
q_ind_18_pop_2,0.149367,0.149135,0.119039,0.178995
q_ind_19_pop_2,0.211605,0.212169,0.170427,0.248125
q_ind_20_pop_2,0.269912,0.270095,0.230690,0.307507
q_ind_21_pop_2,0.274210,0.274281,0.241918,0.305845
q_ind_22_pop_2,0.274665,0.275221,0.239559,0.308248
q_ind_23_pop_2,0.320321,0.320589,0.280698,0.357888
q_ind_24_pop_2,0.267975,0.267734,0.233268,0.303251
q_ind_25_pop_2,0.288447,0.288857,0.254523,0.320455
q_ind_26_pop_2,0.283412,0.283239,0.247733,0.318841
q_ind_27_pop_2,0.289479,0.289859,0.252581,0.323216
q_ind_28_pop_2,0.273008,0.273438,0.237721,0.305850
q_ind_29_pop_2,0.290504,0.291093,0.255057,0.322715
q_ind_30_pop_2,0.592303,0.592041,0.565257,0.620960
q_ind_31_pop_2,0.601408,0.601565,0.558578,0.642224
q_ind_32_pop_2,0.603724,0.603959,0.565981,0.639999
q_ind_33_pop_2,0.657240,0.657611,0.617136,0.695598
q_ind_34_pop_2,0.612226,0.612532,0.578069,0.643946
q_ind_35_pop_2,0.620600,0.620910,0.588684,0.652946
q_ind_36_pop_2,0.602710,0.602669,0.571380,0.632942
q_ind_37_pop_2,0.599260,0.599256,0.566480,0.630025
q_ind_38_pop_2,0.430428,0.431213,0.381527,0.470765
q_ind_39_pop_2,0.589241,0.589834,0.542893,0.631540
q_ind_40_pop_2,0.532788,0.534394,0.495250,0.583198
q_ind_41_pop_2,0.026662,0.025639,0.001708,0.055472
q_ind_42_pop_2,0.010666,0.008591,0.000001,0.034138
q_ind_43_pop_2,0.014921,0.013279,0.000005,0.041906
q_ind_44_pop_2,0.003792,0.001572,0.000000,0.018305
q_ind_45_pop_2,0.019581,0.018617,0.000053,0.046594
q_ind_46_pop_2,0.004357,0.001824,0.000000,0.020128
q_ind_47_pop_2,0.004366,0.001930,0.000000,0.019954
q_ind_48_pop_2,0.050090,0.050137,0.024860,0.076050
q_ind_49_pop_2,0.036563,0.036361,0.003901,0.067591
q_ind_50_pop_2,0.031388,0.031779,0.000213,0.062846
q_ind_51_pop_2,0.038237,0.039244,0.002624,0.068193
q_ind_52_pop_2,0.025606,0.026230,0.000028,0.056273
q_ind_53_pop_2,0.041781,0.041918,0.017351,0.066204
q_ind_54_pop_2,0.167862,0.167460,0.133600,0.205769
q_ind_55_pop_2,0.035531,0.037439,0.001417,0.060939
q_ind_56_pop_2,0.057547,0.058397,0.026910,0.085204
q_ind_57_pop_2,0.052303,0.052656,0.023866,0.078800
q_ind_58_pop_2,0.051376,0.051780,0.025153,0.074992
q_ind_59_pop_2,0.044678,0.045370,0.013008,0.072245
q_ind_60_pop_2,0.071115,0.069677,0.042835,0.105584
q_ind_61_pop_2,0.169614,0.169294,0.134794,0.204672
q_ind_62_pop_2,0.154531,0.154602,0.122778,0.185398
q_ind_63_pop_2,0.057639,0.057094,0.024533,0.092951
q_ind_64_pop_2,0.089773,0.090453,0.058349,0.119228
q_ind_65_pop_2,0.059896,0.058707,0.030247,0.092367
q_ind_66_pop_2,0.147303,0.147159,0.113513,0.182686
q_ind_67_pop_2,0.175540,0.176212,0.137521,0.211557
q_ind_68_pop_2,0.061664,0.061991,0.032016,0.088213
q_ind_69_pop_2,0.382593,0.382553,0.348540,0.416279
q_ind_70_pop_2,0.382696,0.383151,0.348386,0.414199
q_ind_71_pop_2,0.382969,0.383298,0.352316,0.410845
q_ind_72_pop_2,0.388870,0.389039,0.355115,0.421370
q_ind_73_pop_2,0.378434,0.378853,0.345169,0.408804
q_ind_74_pop_2,0.360004,0.359914,0.324924,0.396163
q_ind_75_pop_2,0.352880,0.353477,0.320124,0.381842
q_ind_76_pop_2,0.403098,0.403095,0.369925,0.435641
q_ind_77_pop_2,0.365708,0.365865,0.333043,0.396217
q_ind_78_pop_2,0.376069,0.376947,0.340210,0.405468
q_ind_79_pop_2,0.382504,0.382884,0.350269,0.411744
q_ind_80_pop_2,0.440644,0.442097,0.389979,0.484035
q_ind_81_pop_2,0.436297,0.437284,0.394372,0.472676
q_ind_82_pop_2,0.389375,0.389957,0.339269,0.432098
q_ind_83_pop_2,0.406825,0.407862,0.363413,0.443315
q_ind_84_pop_2,0.414589,0.416169,0.364623,0.456500
q_ind_85_pop_2,0.428013,0.429697,0.382726,0.466986
q_ind_86_pop_2,0.380950,0.382123,0.343037,0.414337
q_ind_87_pop_2,0.458352,0.460660,0.403848,0.503583
q_ind_88_pop_2,0.003529,0.001477,0.000000,0.016208
q_ind_89_pop_2,0.003550,0.001409,0.000000,0.016652
q_ind_90_pop_2,0.138981,0.139189,0.107464,0.172029
q_ind_91_pop_2,0.263261,0.262984,0.229081,0.298270
q_ind_92_pop_2,0.000918,0.000286,0.000000,0.005166
q_ind_93_pop_2,0.000970,0.000283,0.000000,0.005580
q_ind_94_pop_2,0.002279,0.000901,0.000000,0.011425
q_ind_95_pop_2,0.000676,0.000186,0.000000,0.004097
q_ind_96_pop_2,0.171296,0.171034,0.141390,0.203961
q_ind_97_pop_2,0.010859,0.007682,0.000002,0.036290
q_ind_98_pop_2,0.321517,0.320156,0.288621,0.360411
q_ind_99_pop_2,0.341399,0.342228,0.298777,0.380772
q_ind_100_pop_2,0.339552,0.339998,0.293623,0.383876
q_ind_101_pop_2,0.335171,0.335138,0.299444,0.369277
q_ind_102_pop_2,0.328608,0.328701,0.293738,0.364021
q_ind_103_pop_2,0.342046,0.342731,0.302494,0.378573
q_ind_104_pop_2,0.345017,0.344843,0.306549,0.385128
q_ind_105_pop_2,0.326983,0.327235,0.278756,0.372533
q_ind_106_pop_2,0.009140,0.006688,0.000001,0.030878
q_ind_107_pop_2,0.007160,0.004896,0.000001,0.025741
q_ind_108_pop_2,0.004306,0.002062,0.000000,0.019127
q_ind_109_pop_2,0.012473,0.011379,0.000005,0.035414
q_ind_110_pop_2,0.002600,0.001198,0.000000,0.012039
q_ind_111_pop_2,0.007525,0.006041,0.000001,0.023551
q_ind_112_pop_2,0.002701,0.001052,0.000000,0.013455
q_ind_113_pop_2,0.004512,0.002131,0.000000,0.019951
q_ind_114_pop_2,0.141041,0.141320,0.109498,0.173732
q_ind_115_pop_2,0.375970,0.376883,0.341673,0.404861
q_ind_116_pop_2,0.357544,0.357878,0.323810,0.390635
q_ind_117_pop_2,0.360094,0.360699,0.325553,0.390652
q_ind_118_pop_2,0.369374,0.369680,0.329606,0.405045
q_ind_119_pop_2,0.328645,0.329503,0.290665,0.360982
q_ind_120_pop_2,0.347733,0.348442,0.308467,0.384987
q_ind_121_pop_2,0.406465,0.407503,0.373480,0.434464
q_ind_122_pop_2,0.461643,0.463098,0.433916,0.482532
q_ind_123_pop_2,0.230245,0.230359,0.199831,0.261584
q_ind_124_pop_2,0.269418,0.269538,0.235208,0.303518
q_ind_125_pop_2,0.261657,0.262216,0.228948,0.292504
q_ind_126_pop_2,0.225542,0.225487,0.190467,0.260785
q_ind_127_pop_2,0.266526,0.266675,0.231789,0.299456
q_ind_128_pop_2,0.379090,0.379926,0.347362,0.406503
q_ind_129_pop_2,0.292883,0.292828,0.261172,0.326359
q_ind_130_pop_2,0.253298,0.253165,0.219759,0.286325
q_ind_131_pop_2,0.262549,0.262868,0.226798,0.296798
q_ind_132_pop_2,0.275519,0.275190,0.239518,0.312009
q_ind_133_pop_2,0.283169,0.283738,0.250067,0.313992
q_ind_134_pop_2,0.249276,0.249666,0.214804,0.282039
q_ind_135_pop_2,0.712482,0.713451,0.679704,0.741224
q_ind_136_pop_2,0.733887,0.735547,0.695994,0.763764
q_ind_137_pop_2,0.723141,0.724137,0.686352,0.753355
q_ind_138_pop_2,0.667755,0.668781,0.634469,0.696603
q_ind_139_pop_2,0.736820,0.738768,0.697729,0.766676
q_ind_140_pop_2,0.719603,0.720443,0.683680,0.749373
q_ind_141_pop_2,0.711047,0.712372,0.677142,0.740737
q_ind_142_pop_2,0.717236,0.718564,0.682741,0.747340
q_ind_143_pop_2,0.719594,0.721318,0.680567,0.748622
q_ind_144_pop_2,0.484063,0.484200,0.447539,0.519141
q_ind_145_pop_2,0.455780,0.456126,0.419626,0.490506
q_ind_146_pop_2,0.454550,0.454727,0.418439,0.490153
q_ind_147_pop_2,0.233419,0.232951,0.199444,0.269189
q_ind_148_pop_2,0.431120,0.431962,0.401590,0.456071
q_ind_149_pop_2,0.227128,0.227689,0.186611,0.262126
q_ind_150_pop_2,0.257478,0.257625,0.219749,0.293675
q_ind_151_pop_2,0.209510,0.209568,0.174885,0.242136
q_ind_152_pop_2,0.207969,0.208301,0.171510,0.242972
q_ind_153_pop_2,0.228002,0.228219,0.190942,0.261792
q_ind_154_pop_2,0.317687,0.318438,0.281567,0.349064
q_ind_155_pop_2,0.457870,0.458664,0.429697,0.483240
q_ind_156_pop_2,0.498332,0.499809,0.452950,0.534345
q_ind_157_pop_2,0.451486,0.453177,0.405696,0.486547
q_ind_158_pop_2,0.480248,0.481263,0.446788,0.507837
q_ind_159_pop_2,0.474758,0.475483,0.436260,0.509681
q_ind_160_pop_2,0.424799,0.425879,0.386630,0.455569
q_ind_161_pop_2,0.447041,0.448057,0.404030,0.481079
q_ind_162_pop_2,0.461985,0.463110,0.424654,0.493830
q_ind_163_pop_2,0.457939,0.459231,0.428375,0.482587
q_ind_164_pop_2,0.141927,0.141803,0.110173,0.173653
q_ind_165_pop_2,0.127505,0.127227,0.098073,0.159051
q_ind_166_pop_2,0.117867,0.117382,0.088090,0.150494
q_ind_167_pop_2,0.128484,0.128660,0.096773,0.160113
q_ind_168_pop_2,0.202473,0.202283,0.160336,0.242865
q_ind_169_pop_2,0.143923,0.143602,0.107552,0.182152
q_ind_170_pop_2,0.750514,0.750279,0.719358,0.782486
q_ind_171_pop_2,0.759992,0.760182,0.732514,0.787585
q_ind_172_pop_2,0.862725,0.862171,0.834517,0.894086
q_ind_173_pop_2,0.777537,0.777490,0.749751,0.806235
q_ind_174_pop_2,0.853184,0.852465,0.821697,0.886358
q_ind_175_pop_2,0.862791,0.862189,0.835005,0.893520
q_ind_176_pop_2,0.761028,0.760592,0.732650,0.790697
q_ind_177_pop_2,0.430541,0.431204,0.398977,0.456383
q_ind_178_pop_2,0.772032,0.772021,0.743053,0.801029
q_ind_179_pop_2,0.696622,0.696655,0.658185,0.733632
q_ind_180_pop_2,0.674010,0.674441,0.637716,0.706231
q_ind_181_pop_2,0.689336,0.689740,0.649937,0.726022
q_ind_182_pop_2,0.689203,0.689589,0.653764,0.721329
q_ind_183_pop_2,0.682397,0.682670,0.646398,0.716489
q_ind_184_pop_2,0.499646,0.499756,0.495670,0.504712
q_ind_185_pop_2,0.679389,0.679864,0.646315,0.710798
q_ind_186_pop_2,0.593608,0.593302,0.560624,0.628498
q_ind_187_pop_2,0.693631,0.694042,0.657412,0.726747
q_ind_188_pop_2,0.351832,0.351831,0.319223,0.384013
q_ind_189_pop_2,0.311826,0.312250,0.272971,0.349785
q_ind_190_pop_2,0.322442,0.322958,0.288700,0.352057
q_ind_191_pop_2,0.362283,0.363152,0.330103,0.391726
q_ind_192_pop_2,0.297168,0.297001,0.262596,0.331039
q_ind_193_pop_2,0.321501,0.322163,0.284623,0.354212
q_ind_194_pop_2,0.331220,0.331910,0.291770,0.364478
q_ind_195_pop_2,0.318804,0.319270,0.282280,0.351108
q_ind_196_pop_2,0.309062,0.309137,0.276493,0.342757
q_ind_197_pop_2,0.323729,0.324398,0.286042,0.358270
q_ind_198_pop_2,0.338264,0.338666,0.302618,0.371429
q_ind_199_pop_2,0.493335,0.497810,0.467333,0.500246
q_ind_200_pop_2,0.421579,0.419130,0.381991,0.478957
q_ind_201_pop_2,0.495828,0.496257,0.452835,0.537960
q_ind_202_pop_2,0.487386,0.495098,0.439787,0.501503
q_ind_203_pop_2,0.485273,0.485235,0.444030,0.525867
q_ind_204_pop_2,0.502896,0.502889,0.463679,0.539209
q_ind_205_pop_2,0.513317,0.513702,0.467981,0.555252
q_ind_206_pop_2,0.503890,0.504050,0.464354,0.542708
q_ind_207_pop_2,0.498420,0.499505,0.491636,0.502468
q_ind_208_pop_2,0.409978,0.411172,0.360890,0.448182
q_ind_209_pop_2,0.503726,0.504464,0.464389,0.538710
q_ind_210_pop_2,0.004137,0.001356,0.000000,0.020156
q_ind_211_pop_2,0.050772,0.051073,0.030075,0.070564
q_ind_212_pop_2,0.025364,0.026536,0.000110,0.049237
q_ind_213_pop_2,0.012819,0.010118,0.000005,0.039837
q_ind_214_pop_2,0.053763,0.053909,0.021156,0.085061
q_ind_215_pop_2,0.026423,0.026284,0.003397,0.047793
q_ind_216_pop_2,0.070108,0.069808,0.042645,0.101148
q_ind_217_pop_2,0.059419,0.059757,0.025697,0.089437
q_ind_218_pop_2,0.043897,0.044264,0.021724,0.064488
q_ind_219_pop_2,0.121500,0.122993,0.073064,0.155885
q_ind_220_pop_2,0.005528,0.002490,0.000000,0.024927
q_ind_221_pop_2,0.119548,0.119416,0.087769,0.153540
q_ind_0_pop_3,0.399458,0.399346,0.372928,0.425590
q_ind_1_pop_3,0.354311,0.353847,0.324166,0.385959
q_ind_2_pop_3,0.288467,0.288024,0.260737,0.316922
q_ind_3_pop_3,0.287942,0.287425,0.262079,0.316388
q_ind_4_pop_3,0.460145,0.460897,0.432799,0.483015
q_ind_5_pop_3,0.311848,0.311561,0.283421,0.340771
q_ind_6_pop_3,0.293651,0.293448,0.263281,0.324125
q_ind_7_pop_3,0.289734,0.289279,0.261366,0.319290
q_ind_8_pop_3,0.283938,0.283354,0.253899,0.315419
q_ind_9_pop_3,0.293247,0.292639,0.265782,0.323017
q_ind_10_pop_3,0.285137,0.284668,0.257077,0.314401
q_ind_11_pop_3,0.299663,0.298959,0.271896,0.330797
q_ind_12_pop_3,0.284997,0.285085,0.240430,0.326482
q_ind_13_pop_3,0.270728,0.270597,0.230628,0.310810
q_ind_14_pop_3,0.260822,0.262375,0.207289,0.302926
q_ind_15_pop_3,0.306429,0.306730,0.264303,0.345732
q_ind_16_pop_3,0.263497,0.264083,0.220790,0.303698
q_ind_17_pop_3,0.262038,0.262208,0.213586,0.309759
q_ind_18_pop_3,0.297798,0.298415,0.258695,0.335859
q_ind_19_pop_3,0.282600,0.282724,0.243729,0.322036
q_ind_20_pop_3,0.626510,0.628123,0.580151,0.668933
q_ind_21_pop_3,0.618267,0.619666,0.578198,0.653694
q_ind_22_pop_3,0.661865,0.663260,0.621583,0.699212
q_ind_23_pop_3,0.571968,0.573690,0.522178,0.609600
q_ind_24_pop_3,0.604273,0.606088,0.563213,0.644228
q_ind_25_pop_3,0.626566,0.627981,0.586722,0.663859
q_ind_26_pop_3,0.588216,0.589693,0.538794,0.628383
q_ind_27_pop_3,0.633124,0.634162,0.591252,0.672173
q_ind_28_pop_3,0.628488,0.630646,0.579976,0.668679
q_ind_29_pop_3,0.610845,0.612197,0.571599,0.646206
q_ind_30_pop_3,0.305759,0.306065,0.272419,0.336411
q_ind_31_pop_3,0.293390,0.293633,0.254691,0.331244
q_ind_32_pop_3,0.309936,0.310467,0.275199,0.343322
q_ind_33_pop_3,0.262029,0.261530,0.222926,0.305389
q_ind_34_pop_3,0.278959,0.279528,0.241746,0.313606
q_ind_35_pop_3,0.297887,0.297769,0.263950,0.331949
q_ind_36_pop_3,0.301161,0.301538,0.265896,0.334025
q_ind_37_pop_3,0.319018,0.318917,0.281781,0.356026
q_ind_38_pop_3,0.336173,0.336019,0.300683,0.377086
q_ind_39_pop_3,0.277917,0.277799,0.230957,0.327175
q_ind_40_pop_3,0.380820,0.381123,0.339107,0.422111
q_ind_41_pop_3,0.015662,0.015651,0.000018,0.036888
q_ind_42_pop_3,0.009059,0.006252,0.000002,0.032236
q_ind_43_pop_3,0.003449,0.001160,0.000000,0.018813
q_ind_44_pop_3,0.002388,0.000794,0.000000,0.012672
q_ind_45_pop_3,0.005740,0.002149,0.000000,0.026817
q_ind_46_pop_3,0.007670,0.003809,0.000000,0.032773
q_ind_47_pop_3,0.005287,0.002276,0.000000,0.025518
q_ind_48_pop_3,0.083485,0.082489,0.049476,0.123492
q_ind_49_pop_3,0.096516,0.097988,0.048637,0.135400
q_ind_50_pop_3,0.071715,0.071552,0.033604,0.112025
q_ind_51_pop_3,0.081706,0.082768,0.044021,0.119153
q_ind_52_pop_3,0.059603,0.058324,0.028973,0.096140
q_ind_53_pop_3,0.064992,0.063355,0.032809,0.105382
q_ind_54_pop_3,0.221861,0.222728,0.177084,0.262022
q_ind_55_pop_3,0.051764,0.049181,0.025764,0.089528
q_ind_56_pop_3,0.081980,0.079119,0.049385,0.126852
q_ind_57_pop_3,0.081404,0.079898,0.047653,0.123554
q_ind_58_pop_3,0.061661,0.060375,0.035931,0.094564
q_ind_59_pop_3,0.074223,0.072617,0.039490,0.117439
q_ind_60_pop_3,0.130685,0.133231,0.077851,0.167730
q_ind_61_pop_3,0.190564,0.191481,0.143339,0.230210
q_ind_62_pop_3,0.162757,0.163164,0.121494,0.201951
q_ind_63_pop_3,0.119239,0.122300,0.069970,0.159318
q_ind_64_pop_3,0.117499,0.116743,0.082746,0.155279
q_ind_65_pop_3,0.117291,0.119241,0.064956,0.162144
q_ind_66_pop_3,0.199336,0.200898,0.144206,0.245439
q_ind_67_pop_3,0.227799,0.228361,0.187419,0.265574
q_ind_68_pop_3,0.091886,0.091097,0.053246,0.137550
q_ind_69_pop_3,0.579130,0.579152,0.540861,0.618689
q_ind_70_pop_3,0.602972,0.603833,0.568115,0.634580
q_ind_71_pop_3,0.568609,0.569431,0.528444,0.604914
q_ind_72_pop_3,0.573906,0.574375,0.538391,0.608058
q_ind_73_pop_3,0.575523,0.575920,0.542448,0.606482
q_ind_74_pop_3,0.575121,0.575191,0.535166,0.615668
q_ind_75_pop_3,0.602012,0.602829,0.565892,0.635404
q_ind_76_pop_3,0.577056,0.577815,0.539667,0.611947
q_ind_77_pop_3,0.588362,0.588825,0.551893,0.622187
q_ind_78_pop_3,0.570517,0.571015,0.533739,0.604731
q_ind_79_pop_3,0.575375,0.575932,0.540200,0.608415
q_ind_80_pop_3,0.270766,0.269733,0.230813,0.318884
q_ind_81_pop_3,0.277577,0.276181,0.244272,0.318330
q_ind_82_pop_3,0.265141,0.262801,0.224312,0.317891
q_ind_83_pop_3,0.287259,0.285422,0.250973,0.332481
q_ind_84_pop_3,0.272108,0.270404,0.232140,0.322872
q_ind_85_pop_3,0.273335,0.272580,0.239078,0.310335
q_ind_86_pop_3,0.319732,0.318915,0.285880,0.359793
q_ind_87_pop_3,0.250271,0.247899,0.211625,0.300022
q_ind_88_pop_3,0.008022,0.006082,0.000001,0.027409
q_ind_89_pop_3,0.004084,0.001822,0.000000,0.018930
q_ind_90_pop_3,0.336582,0.337295,0.297141,0.375637
q_ind_91_pop_3,0.291679,0.292876,0.251415,0.327473
q_ind_92_pop_3,0.001607,0.000491,0.000000,0.009273
q_ind_93_pop_3,0.000902,0.000253,0.000000,0.005331
q_ind_94_pop_3,0.004379,0.001848,0.000000,0.020287
q_ind_95_pop_3,0.000746,0.000216,0.000000,0.004660
q_ind_96_pop_3,0.272781,0.272959,0.230950,0.311450
q_ind_97_pop_3,0.054496,0.054504,0.026429,0.085327
q_ind_98_pop_3,0.304724,0.306183,0.265212,0.337471
q_ind_99_pop_3,0.290482,0.290797,0.247009,0.329961
q_ind_100_pop_3,0.253956,0.255061,0.203834,0.300047
q_ind_101_pop_3,0.282717,0.282222,0.241368,0.324617
q_ind_102_pop_3,0.269941,0.270528,0.230666,0.306624
q_ind_103_pop_3,0.297518,0.296976,0.254394,0.342528
q_ind_104_pop_3,0.316093,0.316277,0.272827,0.360545
q_ind_105_pop_3,0.283955,0.284649,0.230953,0.335064
q_ind_106_pop_3,0.011082,0.008224,0.000002,0.036685
q_ind_107_pop_3,0.008902,0.005356,0.000001,0.032244
q_ind_108_pop_3,0.007246,0.004379,0.000001,0.027833
q_ind_109_pop_3,0.027276,0.026512,0.000179,0.058909
q_ind_110_pop_3,0.001565,0.000500,0.000000,0.008897
q_ind_111_pop_3,0.009200,0.007374,0.000001,0.028743
q_ind_112_pop_3,0.003501,0.001177,0.000000,0.020893
q_ind_113_pop_3,0.009280,0.006665,0.000001,0.032375
q_ind_114_pop_3,0.060426,0.060722,0.023417,0.096994
q_ind_115_pop_3,0.572969,0.572892,0.540391,0.607276
q_ind_116_pop_3,0.556643,0.556916,0.515027,0.597265
q_ind_117_pop_3,0.556394,0.557050,0.517727,0.591833
q_ind_118_pop_3,0.531387,0.531365,0.493279,0.569914
q_ind_119_pop_3,0.605138,0.605642,0.565697,0.643862
q_ind_120_pop_3,0.582580,0.582076,0.544587,0.621203
q_ind_121_pop_3,0.488769,0.492405,0.459701,0.500326
q_ind_122_pop_3,0.476949,0.474885,0.453194,0.499971
q_ind_123_pop_3,0.596488,0.599848,0.498546,0.638597
q_ind_124_pop_3,0.568981,0.570821,0.525911,0.607614
q_ind_125_pop_3,0.606601,0.608353,0.559516,0.647464
q_ind_126_pop_3,0.591074,0.592632,0.551089,0.629455
q_ind_127_pop_3,0.568569,0.569850,0.526924,0.606565
q_ind_128_pop_3,0.497189,0.499156,0.483643,0.500910
q_ind_129_pop_3,0.530145,0.532545,0.501122,0.558079
q_ind_130_pop_3,0.559045,0.560673,0.513016,0.597097
q_ind_131_pop_3,0.561063,0.563607,0.520773,0.601201
q_ind_132_pop_3,0.450344,0.449593,0.395009,0.499725
q_ind_133_pop_3,0.543037,0.544335,0.495828,0.582798
q_ind_134_pop_3,0.581729,0.583117,0.539537,0.619529
q_ind_135_pop_3,0.285049,0.284155,0.255426,0.317524
q_ind_136_pop_3,0.247460,0.246301,0.219034,0.280164
q_ind_137_pop_3,0.274175,0.273312,0.244381,0.311055
q_ind_138_pop_3,0.328916,0.327881,0.300837,0.361847
q_ind_139_pop_3,0.259905,0.258109,0.229875,0.297793
q_ind_140_pop_3,0.275684,0.274418,0.245702,0.311609
q_ind_141_pop_3,0.282236,0.280854,0.252789,0.317078
q_ind_142_pop_3,0.280520,0.279231,0.250420,0.315575
q_ind_143_pop_3,0.274389,0.272912,0.245586,0.310511
q_ind_144_pop_3,0.375860,0.375656,0.337996,0.414652
q_ind_145_pop_3,0.386665,0.386348,0.350040,0.423816
q_ind_146_pop_3,0.386605,0.387669,0.337085,0.427549
q_ind_147_pop_3,0.487496,0.495186,0.448682,0.500573
q_ind_148_pop_3,0.496625,0.498571,0.482440,0.500662
q_ind_149_pop_3,0.637390,0.638983,0.590113,0.677299
q_ind_150_pop_3,0.619462,0.622117,0.563241,0.662134
q_ind_151_pop_3,0.623617,0.626430,0.574211,0.661841
q_ind_152_pop_3,0.591690,0.592820,0.553398,0.626677
q_ind_153_pop_3,0.650218,0.652390,0.608524,0.687601
q_ind_154_pop_3,0.492481,0.496457,0.465376,0.500595
q_ind_155_pop_3,0.449376,0.449489,0.423605,0.473750
q_ind_156_pop_3,0.493244,0.492462,0.455429,0.538325
q_ind_157_pop_3,0.539527,0.538060,0.505728,0.583060
q_ind_158_pop_3,0.509720,0.509282,0.480640,0.540741
q_ind_159_pop_3,0.518166,0.518118,0.484266,0.552878
q_ind_160_pop_3,0.472288,0.472515,0.438325,0.507662
q_ind_161_pop_3,0.531873,0.531343,0.495296,0.571447
q_ind_162_pop_3,0.532150,0.531510,0.500594,0.566233
q_ind_163_pop_3,0.478852,0.478264,0.453379,0.504582
q_ind_164_pop_3,0.287399,0.289504,0.237002,0.325631
q_ind_165_pop_3,0.288762,0.291428,0.217547,0.327740
q_ind_166_pop_3,0.289552,0.292210,0.235638,0.329341
q_ind_167_pop_3,0.281118,0.283347,0.215352,0.328080
q_ind_168_pop_3,0.323523,0.325073,0.266774,0.368645
q_ind_169_pop_3,0.289988,0.293845,0.197074,0.338643
q_ind_170_pop_3,0.239051,0.239429,0.205948,0.269273
q_ind_171_pop_3,0.232415,0.232618,0.203090,0.259726
q_ind_172_pop_3,0.134672,0.135288,0.102434,0.162274
q_ind_173_pop_3,0.218360,0.218561,0.189185,0.245906
q_ind_174_pop_3,0.139723,0.140765,0.105783,0.171364
q_ind_175_pop_3,0.134924,0.135580,0.104853,0.162689
q_ind_176_pop_3,0.236150,0.236468,0.205556,0.264111
q_ind_177_pop_3,0.187054,0.186457,0.155457,0.222456
q_ind_178_pop_3,0.225586,0.225604,0.196447,0.254773
q_ind_179_pop_3,0.288154,0.287787,0.251361,0.327284
q_ind_180_pop_3,0.310983,0.311229,0.278480,0.343345
q_ind_181_pop_3,0.274771,0.274267,0.238868,0.313139
q_ind_182_pop_3,0.279360,0.279287,0.248798,0.309524
q_ind_183_pop_3,0.259493,0.259253,0.226682,0.293649
q_ind_184_pop_3,0.367786,0.367789,0.338187,0.396469
q_ind_185_pop_3,0.297824,0.297492,0.268571,0.327827
q_ind_186_pop_3,0.238559,0.238757,0.201900,0.273145
q_ind_187_pop_3,0.277901,0.277767,0.245930,0.309890
q_ind_188_pop_3,0.258206,0.258591,0.222969,0.291076
q_ind_189_pop_3,0.488187,0.492315,0.454553,0.508258
q_ind_190_pop_3,0.498440,0.499375,0.481409,0.514133
q_ind_191_pop_3,0.495592,0.498174,0.474173,0.503537
q_ind_192_pop_3,0.486523,0.492605,0.439151,0.506613
q_ind_193_pop_3,0.496199,0.497515,0.475760,0.516655
q_ind_194_pop_3,0.497674,0.499286,0.486611,0.501850
q_ind_195_pop_3,0.470812,0.471599,0.433612,0.502958
q_ind_196_pop_3,0.498106,0.499172,0.479850,0.517810
q_ind_197_pop_3,0.473673,0.475309,0.431978,0.499878
q_ind_198_pop_3,0.482544,0.484855,0.447824,0.503064
q_ind_199_pop_3,0.257886,0.257024,0.224808,0.293612
q_ind_200_pop_3,0.347525,0.348565,0.311678,0.376683
q_ind_201_pop_3,0.170843,0.170333,0.134666,0.208241
q_ind_202_pop_3,0.257606,0.256386,0.221012,0.296750
q_ind_203_pop_3,0.173823,0.173355,0.135995,0.213383
q_ind_204_pop_3,0.186515,0.186195,0.150553,0.225290
q_ind_205_pop_3,0.169945,0.170045,0.127751,0.215045
q_ind_206_pop_3,0.180973,0.181091,0.143637,0.216596
q_ind_207_pop_3,0.242850,0.242256,0.208751,0.280737
q_ind_208_pop_3,0.206509,0.206321,0.168107,0.245360
q_ind_209_pop_3,0.200014,0.199883,0.165340,0.235152
q_ind_210_pop_3,0.010511,0.005542,0.000001,0.043266
q_ind_211_pop_3,0.050463,0.051085,0.026076,0.070731
q_ind_212_pop_3,0.040864,0.039554,0.012488,0.073437
q_ind_213_pop_3,0.012529,0.008101,0.000001,0.046732
q_ind_214_pop_3,0.042901,0.044334,0.000190,0.079927
q_ind_215_pop_3,0.022090,0.022801,0.000080,0.044470
q_ind_216_pop_3,0.071261,0.071083,0.034510,0.109426
q_ind_217_pop_3,0.094751,0.094407,0.055485,0.136176
q_ind_218_pop_3,0.043868,0.043936,0.020645,0.065899
q_ind_219_pop_3,0.112918,0.112706,0.073144,0.155016
q_ind_220_pop_3,0.050936,0.052989,0.002032,0.081931
q_ind_221_pop_3,0.104582,0.105418,0.060545,0.145431
