param,mean,median,ci_0.950_LB,ci_0.950_UB
q_ind_0_pop_0,0.001474,0.000594,0.000000,0.007727
q_ind_1_pop_0,0.001890,0.000761,0.000000,0.009842
q_ind_2_pop_0,0.001775,0.000703,0.000000,0.009306
q_ind_3_pop_0,0.001373,0.000455,0.000000,0.007927
q_ind_4_pop_0,0.016279,0.016048,0.000026,0.036849
q_ind_5_pop_0,0.001870,0.000709,0.000000,0.010355
q_ind_6_pop_0,0.000932,0.000351,0.000000,0.004801
q_ind_7_pop_0,0.002256,0.001103,0.000000,0.010396
q_ind_8_pop_0,0.001556,0.000652,0.000000,0.007926
q_ind_9_pop_0,0.000931,0.000305,0.000000,0.005320
q_ind_10_pop_0,0.008113,0.006806,0.000007,0.024521
q_ind_11_pop_0,0.002279,0.000841,0.000000,0.012262
q_ind_12_pop_0,0.340668,0.340914,0.311791,0.368530
q_ind_13_pop_0,0.339579,0.339363,0.308666,0.371115
q_ind_14_pop_0,0.341779,0.341603,0.310396,0.372018
q_ind_15_pop_0,0.324530,0.324410,0.295349,0.355497
q_ind_16_pop_0,0.313810,0.313801,0.285256,0.342740
q_ind_17_pop_0,0.364389,0.364535,0.330424,0.396693
q_ind_18_pop_0,0.312807,0.312737,0.286008,0.339134
q_ind_19_pop_0,0.309214,0.309240,0.282968,0.335011
q_ind_20_pop_0,0.008999,0.006450,0.000007,0.031190
q_ind_21_pop_0,0.007126,0.004463,0.000003,0.026325
q_ind_22_pop_0,0.002318,0.001023,0.000000,0.011637
q_ind_23_pop_0,0.008848,0.006520,0.000005,0.029914
q_ind_24_pop_0,0.018372,0.018065,0.000417,0.040070
q_ind_25_pop_0,0.001992,0.000848,0.000000,0.010258
q_ind_26_pop_0,0.001942,0.000773,0.000000,0.009664
q_ind_27_pop_0,0.002381,0.000993,0.000000,0.011812
q_ind_28_pop_0,0.006566,0.004392,0.000002,0.023711
q_ind_29_pop_0,0.001742,0.000689,0.000000,0.009439
q_ind_30_pop_0,0.057678,0.057722,0.036842,0.078476
q_ind_31_pop_0,0.074376,0.074080,0.048405,0.101478
q_ind_32_pop_0,0.045531,0.045440,0.022635,0.070994
q_ind_33_pop_0,0.047231,0.047474,0.018070,0.073541
q_ind_34_pop_0,0.059198,0.058880,0.037762,0.082525
q_ind_35_pop_0,0.057682,0.057848,0.037616,0.077168
q_ind_36_pop_0,0.052286,0.052488,0.029141,0.074703
q_ind_37_pop_0,0.055056,0.055222,0.033962,0.075497
q_ind_38_pop_0,0.087074,0.086856,0.062069,0.113126
q_ind_39_pop_0,0.025468,0.025384,0.000147,0.056492
q_ind_40_pop_0,0.039262,0.038994,0.017357,0.061765
q_ind_41_pop_0,0.232808,0.232847,0.196686,0.270066
q_ind_42_pop_0,0.222744,0.222268,0.185722,0.261436
q_ind_43_pop_0,0.231120,0.230830,0.192793,0.272361
q_ind_44_pop_0,0.238183,0.238332,0.199591,0.276808
q_ind_45_pop_0,0.230237,0.229513,0.189643,0.276005
q_ind_46_pop_0,0.246201,0.246161,0.206469,0.287644
q_ind_47_pop_0,0.261514,0.261332,0.223998,0.301218
q_ind_48_pop_0,0.402386,0.402606,0.372029,0.432329
q_ind_49_pop_0,0.419918,0.419823,0.390268,0.450771
q_ind_50_pop_0,0.441951,0.441561,0.412195,0.473285
q_ind_51_pop_0,0.431455,0.431409,0.399443,0.464418
q_ind_52_pop_0,0.423605,0.423451,0.391735,0.455547
q_ind_53_pop_0,0.425755,0.425677,0.394898,0.457066
q_ind_54_pop_0,0.270296,0.270128,0.241881,0.298248
q_ind_55_pop_0,0.429913,0.429805,0.400352,0.460719
q_ind_56_pop_0,0.432980,0.432884,0.401362,0.464699
q_ind_57_pop_0,0.408719,0.408507,0.377813,0.440215
q_ind_58_pop_0,0.445005,0.444540,0.411716,0.480312
q_ind_59_pop_0,0.434027,0.433833,0.397597,0.471157
q_ind_60_pop_0,0.005467,0.002857,0.000001,0.023734
q_ind_61_pop_0,0.009092,0.007388,0.000003,0.029343
q_ind_62_pop_0,0.022149,0.022274,0.001130,0.041995
q_ind_63_pop_0,0.026219,0.026797,0.000711,0.050581
q_ind_64_pop_0,0.036124,0.035742,0.013253,0.061501
q_ind_65_pop_0,0.013374,0.012115,0.000297,0.034938
q_ind_66_pop_0,0.019792,0.019359,0.000308,0.043404
q_ind_67_pop_0,0.053218,0.052903,0.029234,0.080105
q_ind_68_pop_0,0.007517,0.004068,0.000002,0.029971
q_ind_69_pop_0,0.000970,0.000345,0.000000,0.005205
q_ind_70_pop_0,0.000977,0.000355,0.000000,0.005397
q_ind_71_pop_0,0.001865,0.000717,0.000000,0.009606
q_ind_72_pop_0,0.001711,0.000580,0.000000,0.009656
q_ind_73_pop_0,0.003729,0.001835,0.000001,0.016268
q_ind_74_pop_0,0.006474,0.004298,0.000002,0.022767
q_ind_75_pop_0,0.001740,0.000610,0.000000,0.009257
q_ind_76_pop_0,0.001837,0.000753,0.000000,0.009204
q_ind_77_pop_0,0.002225,0.000958,0.000000,0.010754
q_ind_78_pop_0,0.001307,0.000456,0.000000,0.007491
q_ind_79_pop_0,0.009006,0.008143,0.000012,0.024609
q_ind_80_pop_0,0.141107,0.140683,0.109372,0.174294
q_ind_81_pop_0,0.166273,0.165949,0.136793,0.196383
q_ind_82_pop_0,0.198631,0.198866,0.164102,0.233474
q_ind_83_pop_0,0.165232,0.164909,0.136568,0.194102
q_ind_84_pop_0,0.164461,0.164347,0.133539,0.196081
q_ind_85_pop_0,0.173671,0.173829,0.145041,0.203644
q_ind_86_pop_0,0.122801,0.122591,0.096159,0.150182
q_ind_87_pop_0,0.152612,0.152520,0.118147,0.187054
q_ind_88_pop_0,0.714514,0.715118,0.679527,0.747722
q_ind_89_pop_0,0.689706,0.689441,0.654414,0.727067
q_ind_90_pop_0,0.313313,0.313366,0.286523,0.340408
q_ind_91_pop_0,0.328402,0.328638,0.304400,0.351863
q_ind_92_pop_0,0.715154,0.714196,0.679451,0.754809
q_ind_93_pop_0,0.749113,0.748945,0.714615,0.784682
q_ind_94_pop_0,0.688903,0.689215,0.653514,0.724375
q_ind_95_pop_0,0.723283,0.722853,0.687930,0.760756
q_ind_96_pop_0,0.343107,0.342970,0.313141,0.372890
q_ind_97_pop_0,0.660217,0.660165,0.622404,0.699002
q_ind_98_pop_0,0.002039,0.000700,0.000000,0.010731
q_ind_99_pop_0,0.003917,0.001855,0.000001,0.019434
q_ind_100_pop_0,0.003448,0.001343,0.000000,0.018375
q_ind_101_pop_0,0.005545,0.003721,0.000002,0.019698
q_ind_102_pop_0,0.011945,0.010277,0.000023,0.034536
q_ind_103_pop_0,0.091465,0.091401,0.063021,0.120989
q_ind_104_pop_0,0.003691,0.001638,0.000001,0.018395
q_ind_105_pop_0,0.012803,0.010470,0.000020,0.039863
q_ind_106_pop_0,0.637931,0.637274,0.602000,0.676554
q_ind_107_pop_0,0.678423,0.678521,0.643275,0.712191
q_ind_108_pop_0,0.692215,0.691690,0.655813,0.732991
q_ind_109_pop_0,0.664312,0.663965,0.629083,0.701591
q_ind_110_pop_0,0.720767,0.720422,0.691710,0.751252
q_ind_111_pop_0,0.663328,0.662896,0.629324,0.702093
q_ind_112_pop_0,0.693474,0.692992,0.657781,0.731074
q_ind_113_pop_0,0.686330,0.685700,0.652285,0.724303
q_ind_114_pop_0,0.520771,0.520396,0.490524,0.551894
q_ind_115_pop_0,0.001445,0.000550,0.000000,0.007646
q_ind_116_pop_0,0.006013,0.003425,0.000001,0.024668
q_ind_117_pop_0,0.028776,0.028135,0.008505,0.052320
q_ind_118_pop_0,0.012655,0.010983,0.000012,0.036469
q_ind_119_pop_0,0.003336,0.001655,0.000001,0.014697
q_ind_120_pop_0,0.009844,0.007577,0.000010,0.031662
q_ind_121_pop_0,0.049117,0.048690,0.027297,0.072596
q_ind_122_pop_0,0.047382,0.047476,0.026013,0.068103
q_ind_123_pop_0,0.004078,0.001927,0.000001,0.018528
q_ind_124_pop_0,0.006402,0.004181,0.000003,0.023464
q_ind_125_pop_0,0.002807,0.001299,0.000000,0.012563
q_ind_126_pop_0,0.004777,0.002111,0.000001,0.024169
q_ind_127_pop_0,0.003781,0.002223,0.000001,0.015528
q_ind_128_pop_0,0.002761,0.001082,0.000000,0.013941
q_ind_129_pop_0,0.006716,0.004722,0.000005,0.023360
q_ind_130_pop_0,0.026114,0.025853,0.002728,0.049570
q_ind_131_pop_0,0.002856,0.001252,0.000000,0.014367
q_ind_132_pop_0,0.068224,0.067772,0.047754,0.091698
q_ind_133_pop_0,0.005241,0.002779,0.000002,0.021711
q_ind_134_pop_0,0.004047,0.001878,0.000001,0.018143
q_ind_135_pop_0,0.001790,0.000617,0.000000,0.010363
q_ind_136_pop_0,0.009879,0.008411,0.000024,0.029106
q_ind_137_pop_0,0.002601,0.001028,0.000000,0.013700
q_ind_138_pop_0,0.002165,0.000753,0.000000,0.011868
q_ind_139_pop_0,0.001521,0.000532,0.000000,0.008737
q_ind_140_pop_0,0.002027,0.000910,0.000000,0.010216
q_ind_141_pop_0,0.002055,0.000769,0.000000,0.010837
q_ind_142_pop_0,0.001179,0.000405,0.000000,0.006518
q_ind_143_pop_0,0.002452,0.001028,0.000000,0.012904
q_ind_144_pop_0,0.006732,0.004496,0.000004,0.024779
q_ind_145_pop_0,0.002670,0.001159,0.000001,0.013113
q_ind_146_pop_0,0.005050,0.002734,0.000001,0.021452
q_ind_147_pop_0,0.026235,0.026137,0.006286,0.046640
q_ind_148_pop_0,0.003831,0.001548,0.000001,0.018728
q_ind_149_pop_0,0.003355,0.001454,0.000001,0.016052
q_ind_150_pop_0,0.003093,0.001336,0.000001,0.014225
q_ind_151_pop_0,0.003529,0.001479,0.000001,0.017500
q_ind_152_pop_0,0.043628,0.043863,0.014941,0.068773
q_ind_153_pop_0,0.001725,0.000497,0.000000,0.011407
q_ind_154_pop_0,0.018601,0.017759,0.000127,0.043606
q_ind_155_pop_0,0.029049,0.029030,0.008244,0.049855
q_ind_156_pop_0,0.001478,0.000566,0.000000,0.008202
q_ind_157_pop_0,0.001898,0.000870,0.000000,0.009057
q_ind_158_pop_0,0.001737,0.000610,0.000000,0.009917
q_ind_159_pop_0,0.001091,0.000343,0.000000,0.006197
q_ind_160_pop_0,0.041319,0.041344,0.019639,0.062900
q_ind_161_pop_0,0.004045,0.001935,0.000001,0.017757
q_ind_162_pop_0,0.000966,0.000311,0.000000,0.005398
q_ind_163_pop_0,0.008069,0.006108,0.000004,0.027131
q_ind_164_pop_0,0.013069,0.011801,0.000095,0.034960
q_ind_165_pop_0,0.013115,0.011141,0.000012,0.038604
q_ind_166_pop_0,0.007334,0.004407,0.000003,0.028451
q_ind_167_pop_0,0.001857,0.000692,0.000000,0.010003
q_ind_168_pop_0,0.004457,0.002182,0.000001,0.021447
q_ind_169_pop_0,0.002609,0.000832,0.000000,0.015831
q_ind_170_pop_0,0.005442,0.003350,0.000001,0.020182
q_ind_171_pop_0,0.003107,0.001527,0.000000,0.014356
q_ind_172_pop_0,0.000604,0.000208,0.000000,0.003443
q_ind_173_pop_0,0.001004,0.000398,0.000000,0.005494
q_ind_174_pop_0,0.001321,0.000453,0.000000,0.007560
q_ind_175_pop_0,0.000500,0.000183,0.000000,0.002787
q_ind_176_pop_0,0.001270,0.000471,0.000000,0.006836
q_ind_177_pop_0,0.039885,0.039969,0.015075,0.062828
q_ind_178_pop_0,0.001084,0.000415,0.000000,0.006164
q_ind_179_pop_0,0.002709,0.001039,0.000000,0.014247
q_ind_180_pop_0,0.005667,0.002874,0.000002,0.025338
q_ind_181_pop_0,0.015327,0.014065,0.000020,0.039844
q_ind_182_pop_0,0.011907,0.010797,0.000057,0.030393
q_ind_183_pop_0,0.027972,0.027950,0.004187,0.051955
q_ind_184_pop_0,0.003283,0.001148,0.000001,0.018689
q_ind_185_pop_0,0.003970,0.001810,0.000001,0.018317
q_ind_186_pop_0,0.002367,0.000918,0.000000,0.012477
q_ind_187_pop_0,0.002799,0.001178,0.000000,0.014531
q_ind_188_pop_0,0.167810,0.167772,0.135861,0.198225
q_ind_189_pop_0,0.032006,0.031604,0.009815,0.056251
q_ind_190_pop_0,0.028083,0.028586,0.001108,0.051994
q_ind_191_pop_0,0.009486,0.007937,0.000009,0.027581
q_ind_192_pop_0,0.030772,0.030726,0.001667,0.060062
q_ind_193_pop_0,0.011464,0.010201,0.000017,0.032269
q_ind_194_pop_0,0.030755,0.030564,0.010653,0.052666
q_ind_195_pop_0,0.034821,0.034885,0.011136,0.057990
q_ind_196_pop_0,0.045446,0.045024,0.020159,0.071727
q_ind_197_pop_0,0.057703,0.057869,0.034090,0.079904
q_ind_198_pop_0,0.019416,0.018314,0.000097,0.047228
q_ind_199_pop_0,0.033738,0.033639,0.011718,0.057354
q_ind_200_pop_0,0.097233,0.096816,0.075496,0.122187
q_ind_201_pop_0,0.046156,0.046085,0.021670,0.071623
q_ind_202_pop_0,0.028091,0.028255,0.005375,0.049449
q_ind_203_pop_0,0.045220,0.045033,0.018209,0.074939
q_ind_204_pop_0,0.038085,0.037214,0.015365,0.065222
q_ind_205_pop_0,0.036425,0.035960,0.012521,0.063543
q_ind_206_pop_0,0.058077,0.057763,0.035090,0.083427
q_ind_207_pop_0,0.045913,0.045870,0.019760,0.072104
q_ind_208_pop_0,0.091107,0.091236,0.064963,0.118639
q_ind_209_pop_0,0.049237,0.049225,0.026743,0.072495
q_ind_210_pop_0,0.029912,0.029701,0.009923,0.051458
q_ind_211_pop_0,0.015430,0.013718,0.000070,0.039878
q_ind_212_pop_0,0.042829,0.042407,0.019600,0.068033
q_ind_213_pop_0,0.029121,0.028449,0.008263,0.053798
q_ind_214_pop_0,0.016698,0.016273,0.000574,0.035377
q_ind_215_pop_0,0.021586,0.020969,0.000340,0.048447
q_ind_216_pop_0,0.059729,0.059654,0.033523,0.085877
q_ind_217_pop_0,0.020362,0.020493,0.000044,0.045780
q_ind_218_pop_0,0.042847,0.042291,0.019605,0.067220
q_ind_219_pop_0,0.043345,0.042973,0.023773,0.064470
q_ind_220_pop_0,0.031281,0.030763,0.008485,0.057505
q_ind_221_pop_0,0.048331,0.048097,0.027818,0.071055
q_ind_0_pop_1,0.001551,0.000648,0.000000,0.007824
q_ind_1_pop_1,0.001317,0.000489,0.000000,0.007191
q_ind_2_pop_1,0.002799,0.001204,0.000001,0.013578
q_ind_3_pop_1,0.001841,0.000692,0.000000,0.009979
q_ind_4_pop_1,0.001651,0.000519,0.000000,0.009590
q_ind_5_pop_1,0.000954,0.000343,0.000000,0.005250
q_ind_6_pop_1,0.002669,0.001144,0.000000,0.013259
q_ind_7_pop_1,0.002409,0.000947,0.000000,0.012184
q_ind_8_pop_1,0.000988,0.000327,0.000000,0.005655
q_ind_9_pop_1,0.000766,0.000263,0.000000,0.004289
q_ind_10_pop_1,0.002710,0.001238,0.000001,0.012833
q_ind_11_pop_1,0.001003,0.000382,0.000000,0.005495
q_ind_12_pop_1,0.030091,0.029588,0.005658,0.056394
q_ind_13_pop_1,0.036343,0.037526,0.000861,0.068722
q_ind_14_pop_1,0.028781,0.028909,0.000227,0.060924
q_ind_15_pop_1,0.029632,0.029145,0.005933,0.055499
q_ind_16_pop_1,0.057936,0.058063,0.031536,0.085413
q_ind_17_pop_1,0.033376,0.032949,0.009676,0.060790
q_ind_18_pop_1,0.044259,0.043898,0.022431,0.067961
q_ind_19_pop_1,0.024504,0.024873,0.001339,0.050295
q_ind_20_pop_1,0.003054,0.001241,0.000001,0.015396
q_ind_21_pop_1,0.007545,0.005033,0.000003,0.027312
q_ind_22_pop_1,0.002147,0.000926,0.000001,0.010548
q_ind_23_pop_1,0.003469,0.001760,0.000001,0.016046
q_ind_24_pop_1,0.005812,0.002911,0.000001,0.025203
q_ind_25_pop_1,0.003285,0.001357,0.000001,0.016257
q_ind_26_pop_1,0.012735,0.010957,0.000005,0.037667
q_ind_27_pop_1,0.003989,0.002099,0.000001,0.017419
q_ind_28_pop_1,0.003336,0.001558,0.000001,0.015861
q_ind_29_pop_1,0.018143,0.017712,0.000066,0.042196
q_ind_30_pop_1,0.022166,0.023217,0.000031,0.047270
q_ind_31_pop_1,0.003061,0.001223,0.000000,0.015747
q_ind_32_pop_1,0.010247,0.007636,0.000008,0.033447
q_ind_33_pop_1,0.007759,0.005836,0.000007,0.026034
q_ind_34_pop_1,0.020794,0.021171,0.000022,0.049244
q_ind_35_pop_1,0.009026,0.006823,0.000006,0.029574
q_ind_36_pop_1,0.027699,0.028405,0.000267,0.054026
q_ind_37_pop_1,0.021074,0.021511,0.000026,0.048417
q_ind_38_pop_1,0.077465,0.077456,0.052705,0.101998
q_ind_39_pop_1,0.053360,0.052911,0.021414,0.087487
q_ind_40_pop_1,0.003319,0.001286,0.000001,0.017742
q_ind_41_pop_1,0.370833,0.370149,0.334799,0.408307
q_ind_42_pop_1,0.381940,0.381268,0.346441,0.419707
q_ind_43_pop_1,0.344767,0.344520,0.306328,0.383072
q_ind_44_pop_1,0.367191,0.367059,0.331739,0.405158
q_ind_45_pop_1,0.385160,0.385271,0.344153,0.426416
q_ind_46_pop_1,0.346907,0.346257,0.307775,0.388202
q_ind_47_pop_1,0.368083,0.367722,0.331155,0.405907
q_ind_48_pop_1,0.164353,0.164192,0.136738,0.193237
q_ind_49_pop_1,0.132026,0.131967,0.104250,0.160492
q_ind_50_pop_1,0.144825,0.145041,0.118704,0.170218
q_ind_51_pop_1,0.135267,0.134958,0.104855,0.166186
q_ind_52_pop_1,0.154889,0.154911,0.129031,0.180202
q_ind_53_pop_1,0.163791,0.163684,0.136215,0.192643
q_ind_54_pop_1,0.119989,0.119804,0.093755,0.148729
q_ind_55_pop_1,0.162123,0.162084,0.134901,0.188374
q_ind_56_pop_1,0.133542,0.133350,0.106359,0.161545
q_ind_57_pop_1,0.157924,0.157520,0.129825,0.186555
q_ind_58_pop_1,0.146908,0.146931,0.119009,0.174181
q_ind_59_pop_1,0.139545,0.139505,0.113827,0.167580
q_ind_60_pop_1,0.502056,0.501803,0.469686,0.535374
q_ind_61_pop_1,0.415611,0.415874,0.384752,0.445329
q_ind_62_pop_1,0.442322,0.442319,0.413533,0.470782
q_ind_63_pop_1,0.499042,0.498792,0.465160,0.535027
q_ind_64_pop_1,0.476049,0.475854,0.441186,0.512021
q_ind_65_pop_1,0.509243,0.508913,0.474719,0.544376
q_ind_66_pop_1,0.388920,0.389089,0.358255,0.418993
q_ind_67_pop_1,0.351643,0.352096,0.318333,0.383045
q_ind_68_pop_1,0.520408,0.520123,0.486065,0.556123
q_ind_69_pop_1,0.002277,0.000876,0.000000,0.012189
q_ind_70_pop_1,0.001117,0.000415,0.000000,0.006253
q_ind_71_pop_1,0.002194,0.000873,0.000000,0.012218
q_ind_72_pop_1,0.001427,0.000460,0.000000,0.008389
q_ind_73_pop_1,0.002127,0.000857,0.000000,0.011238
q_ind_74_pop_1,0.002326,0.000819,0.000000,0.014254
q_ind_75_pop_1,0.003590,0.002084,0.000001,0.014352
q_ind_76_pop_1,0.001233,0.000452,0.000000,0.006656
q_ind_77_pop_1,0.001381,0.000542,0.000000,0.007560
q_ind_78_pop_1,0.003662,0.001654,0.000001,0.017292
q_ind_79_pop_1,0.001091,0.000387,0.000000,0.006483
q_ind_80_pop_1,0.003022,0.001310,0.000001,0.014826
q_ind_81_pop_1,0.001872,0.000784,0.000001,0.009700
q_ind_82_pop_1,0.003548,0.001367,0.000001,0.018483
q_ind_83_pop_1,0.005227,0.002792,0.000001,0.020994
q_ind_84_pop_1,0.004307,0.002013,0.000001,0.020405
q_ind_85_pop_1,0.003147,0.001387,0.000001,0.015541
q_ind_86_pop_1,0.062293,0.061739,0.037443,0.088885
q_ind_87_pop_1,0.006533,0.004038,0.000002,0.024739
q_ind_88_pop_1,0.002707,0.001197,0.000001,0.012887
q_ind_89_pop_1,0.002436,0.000985,0.000000,0.013004
q_ind_90_pop_1,0.030229,0.030069,0.006173,0.053711
q_ind_91_pop_1,0.001881,0.000579,0.000000,0.012007
q_ind_92_pop_1,0.000762,0.000262,0.000000,0.004162
q_ind_93_pop_1,0.000766,0.000231,0.000000,0.004519
q_ind_94_pop_1,0.001409,0.000525,0.000000,0.007466
q_ind_95_pop_1,0.001014,0.000323,0.000000,0.006088
q_ind_96_pop_1,0.034611,0.034173,0.015647,0.055800
q_ind_97_pop_1,0.005338,0.003017,0.000001,0.020710
q_ind_98_pop_1,0.221722,0.221494,0.189321,0.254556
q_ind_99_pop_1,0.202560,0.202713,0.170888,0.236009
q_ind_100_pop_1,0.228669,0.228447,0.190227,0.268032
q_ind_101_pop_1,0.221494,0.221075,0.190152,0.254737
q_ind_102_pop_1,0.219614,0.219798,0.186536,0.251531
q_ind_103_pop_1,0.143180,0.143355,0.110467,0.173627
q_ind_104_pop_1,0.186033,0.185474,0.149031,0.226154
q_ind_105_pop_1,0.198392,0.197853,0.164411,0.234507
q_ind_106_pop_1,0.027824,0.027768,0.006152,0.049583
q_ind_107_pop_1,0.002905,0.000918,0.000000,0.017388
q_ind_108_pop_1,0.004240,0.001612,0.000001,0.020364
q_ind_109_pop_1,0.025429,0.025299,0.004303,0.046059
q_ind_110_pop_1,0.001371,0.000467,0.000000,0.007743
q_ind_111_pop_1,0.002852,0.001035,0.000000,0.014964
q_ind_112_pop_1,0.001667,0.000575,0.000000,0.009421
q_ind_113_pop_1,0.002501,0.000986,0.000000,0.013149
q_ind_114_pop_1,0.020016,0.018902,0.000540,0.046198
q_ind_115_pop_1,0.002375,0.000935,0.000000,0.012332
q_ind_116_pop_1,0.012576,0.011368,0.000191,0.032292
q_ind_117_pop_1,0.001976,0.000735,0.000000,0.010420
q_ind_118_pop_1,0.003465,0.001555,0.000000,0.016018
q_ind_119_pop_1,0.002412,0.000892,0.000000,0.012261
q_ind_120_pop_1,0.001625,0.000593,0.000000,0.009165
q_ind_121_pop_1,0.004230,0.002223,0.000001,0.018791
q_ind_122_pop_1,0.004862,0.002088,0.000001,0.022665
q_ind_123_pop_1,0.032389,0.032635,0.006093,0.058762
q_ind_124_pop_1,0.038074,0.037504,0.014251,0.065177
q_ind_125_pop_1,0.027548,0.027388,0.003688,0.052453
q_ind_126_pop_1,0.037578,0.037814,0.006306,0.065953
q_ind_127_pop_1,0.045349,0.045060,0.023208,0.068833
q_ind_128_pop_1,0.041841,0.041810,0.021487,0.062179
q_ind_129_pop_1,0.058572,0.058604,0.034179,0.083276
q_ind_130_pop_1,0.030326,0.030592,0.002187,0.056017
q_ind_131_pop_1,0.050016,0.050120,0.024975,0.073129
q_ind_132_pop_1,0.094347,0.094313,0.072287,0.117038
q_ind_133_pop_1,0.052527,0.052178,0.029108,0.078030
q_ind_134_pop_1,0.045311,0.044874,0.023993,0.068706
q_ind_135_pop_1,0.000874,0.000322,0.000000,0.004886
q_ind_136_pop_1,0.001837,0.000759,0.000000,0.008857
q_ind_137_pop_1,0.000973,0.000354,0.000000,0.005193
q_ind_138_pop_1,0.000767,0.000262,0.000000,0.004447
q_ind_139_pop_1,0.001046,0.000371,0.000000,0.006061
q_ind_140_pop_1,0.001588,0.000608,0.000000,0.008873
q_ind_141_pop_1,0.001575,0.000567,0.000000,0.008677
q_ind_142_pop_1,0.000693,0.000226,0.000000,0.004147
q_ind_143_pop_1,0.001432,0.000519,0.000000,0.008315
q_ind_144_pop_1,0.050439,0.050357,0.024563,0.078308
q_ind_145_pop_1,0.056619,0.056258,0.030082,0.085527
q_ind_146_pop_1,0.052348,0.051984,0.026086,0.080175
q_ind_147_pop_1,0.125740,0.125815,0.100739,0.152197
q_ind_148_pop_1,0.039685,0.039370,0.021767,0.058936
q_ind_149_pop_1,0.005611,0.002855,0.000002,0.024838
q_ind_150_pop_1,0.003704,0.001482,0.000001,0.019813
q_ind_151_pop_1,0.033013,0.032842,0.008359,0.058656
q_ind_152_pop_1,0.022636,0.021735,0.000212,0.050940
q_ind_153_pop_1,0.003600,0.001348,0.000001,0.018303
q_ind_154_pop_1,0.065612,0.065374,0.040444,0.091606
q_ind_155_pop_1,0.019217,0.018670,0.001223,0.039140
q_ind_156_pop_1,0.001247,0.000441,0.000000,0.006755
q_ind_157_pop_1,0.000902,0.000341,0.000000,0.004752
q_ind_158_pop_1,0.000797,0.000291,0.000000,0.004208
q_ind_159_pop_1,0.000698,0.000213,0.000000,0.004257
q_ind_160_pop_1,0.005762,0.003175,0.000002,0.023697
q_ind_161_pop_1,0.000905,0.000291,0.000000,0.005262
q_ind_162_pop_1,0.000864,0.000279,0.000000,0.005193
q_ind_163_pop_1,0.007871,0.006068,0.000004,0.025397
q_ind_164_pop_1,0.325061,0.325035,0.292413,0.357563
q_ind_165_pop_1,0.335384,0.335392,0.303136,0.367527
q_ind_166_pop_1,0.363645,0.363631,0.331384,0.395576
q_ind_167_pop_1,0.340801,0.340791,0.304376,0.377165
q_ind_168_pop_1,0.296320,0.296470,0.263683,0.328654
q_ind_169_pop_1,0.335740,0.335648,0.299143,0.372756
q_ind_170_pop_1,0.002203,0.000869,0.000000,0.011315
q_ind_171_pop_1,0.005402,0.002681,0.000001,0.023737
q_ind_172_pop_1,0.000740,0.000242,0.000000,0.004547
q_ind_173_pop_1,0.002344,0.000900,0.000000,0.011875
q_ind_174_pop_1,0.001047,0.000333,0.000000,0.006511
q_ind_175_pop_1,0.000591,0.000208,0.000000,0.003321
q_ind_176_pop_1,0.001889,0.000701,0.000000,0.010330
q_ind_177_pop_1,0.262266,0.261946,0.231001,0.295056
q_ind_178_pop_1,0.001369,0.000491,0.000000,0.007614
q_ind_179_pop_1,0.003573,0.001639,0.000001,0.016896
q_ind_180_pop_1,0.001903,0.000745,0.000000,0.009798
q_ind_181_pop_1,0.012165,0.009823,0.000005,0.036543
q_ind_182_pop_1,0.005471,0.003111,0.000002,0.022193
q_ind_183_pop_1,0.004768,0.002308,0.000001,0.020487
q_ind_184_pop_1,0.076968,0.076978,0.055582,0.097604
q_ind_185_pop_1,0.005532,0.002586,0.000001,0.024429
q_ind_186_pop_1,0.105586,0.105360,0.082242,0.129647
q_ind_187_pop_1,0.008368,0.007082,0.000014,0.024060
q_ind_188_pop_1,0.123808,0.123376,0.097552,0.151219
q_ind_189_pop_1,0.052721,0.052919,0.026560,0.078011
q_ind_190_pop_1,0.036272,0.035146,0.014163,0.063286
q_ind_191_pop_1,0.024845,0.024201,0.005240,0.046951
q_ind_192_pop_1,0.061803,0.061744,0.034820,0.088989
q_ind_193_pop_1,0.049722,0.050425,0.021048,0.075052
q_ind_194_pop_1,0.027124,0.027065,0.004812,0.049963
q_ind_195_pop_1,0.044658,0.043792,0.018825,0.072384
q_ind_196_pop_1,0.019178,0.018526,0.000203,0.044554
q_ind_197_pop_1,0.033449,0.032845,0.016374,0.054291
q_ind_198_pop_1,0.041699,0.041433,0.013030,0.071104
q_ind_199_pop_1,0.161976,0.161998,0.135742,0.188145
q_ind_200_pop_1,0.075144,0.074932,0.053024,0.098398
q_ind_201_pop_1,0.185076,0.185193,0.149938,0.220342
q_ind_202_pop_1,0.155456,0.154904,0.128471,0.184665
q_ind_203_pop_1,0.179003,0.179086,0.146941,0.212174
q_ind_204_pop_1,0.194298,0.194416,0.162940,0.225428
q_ind_205_pop_1,0.173960,0.173643,0.141418,0.207188
q_ind_206_pop_1,0.157978,0.157654,0.127955,0.190172
q_ind_207_pop_1,0.130952,0.130817,0.102347,0.160570
q_ind_208_pop_1,0.179786,0.179680,0.150190,0.210494
q_ind_209_pop_1,0.158585,0.158456,0.129570,0.188546
q_ind_210_pop_1,0.556073,0.555795,0.524353,0.589378
q_ind_211_pop_1,0.569165,0.569020,0.538938,0.600977
q_ind_212_pop_1,0.563054,0.562758,0.528606,0.598702
q_ind_213_pop_1,0.550924,0.550820,0.518608,0.583308
q_ind_214_pop_1,0.552095,0.552262,0.526775,0.576522
q_ind_215_pop_1,0.554138,0.553580,0.522139,0.588942
q_ind_216_pop_1,0.511432,0.511137,0.479559,0.543901
q_ind_217_pop_1,0.504498,0.504556,0.472644,0.535081
q_ind_218_pop_1,0.553882,0.553413,0.522345,0.587963
q_ind_219_pop_1,0.486442,0.487411,0.460494,0.508500
q_ind_220_pop_1,0.549398,0.549027,0.514329,0.586486
q_ind_221_pop_1,0.479883,0.479858,0.454656,0.506576
q_ind_0_pop_2,0.445100,0.445569,0.427769,0.460761
q_ind_1_pop_2,0.441361,0.440451,0.415605,0.471474
q_ind_2_pop_2,0.418962,0.420759,0.381190,0.448962
q_ind_3_pop_2,0.415655,0.416307,0.383292,0.445371
q_ind_4_pop_2,0.460310,0.461048,0.434511,0.480991
q_ind_5_pop_2,0.399824,0.399062,0.367169,0.435098
q_ind_6_pop_2,0.420304,0.420804,0.382094,0.453721
q_ind_7_pop_2,0.428314,0.428827,0.400543,0.454481
q_ind_8_pop_2,0.442751,0.442768,0.410099,0.474250
q_ind_9_pop_2,0.429459,0.430068,0.397645,0.458051
q_ind_10_pop_2,0.420870,0.421233,0.385789,0.453172
q_ind_11_pop_2,0.431329,0.432094,0.397147,0.458854
q_ind_12_pop_2,0.449374,0.449985,0.428346,0.467230
q_ind_13_pop_2,0.442705,0.442891,0.419155,0.464506
q_ind_14_pop_2,0.442981,0.443250,0.424044,0.460299
q_ind_15_pop_2,0.451138,0.451628,0.430676,0.469224
q_ind_16_pop_2,0.452436,0.452737,0.431642,0.470919
q_ind_17_pop_2,0.441718,0.441101,0.418251,0.469580
q_ind_18_pop_2,0.458225,0.458721,0.439627,0.474617
q_ind_19_pop_2,0.440491,0.440701,0.417627,0.463395
q_ind_20_pop_2,0.514917,0.515132,0.485725,0.542175
q_ind_21_pop_2,0.465433,0.465683,0.438377,0.491417
q_ind_22_pop_2,0.505870,0.505835,0.479312,0.532456
q_ind_23_pop_2,0.508991,0.509610,0.476325,0.537972
q_ind_24_pop_2,0.510279,0.510513,0.481437,0.537918
q_ind_25_pop_2,0.465798,0.465902,0.441057,0.489143
q_ind_26_pop_2,0.528682,0.528858,0.503235,0.553193
q_ind_27_pop_2,0.500794,0.500950,0.474621,0.527587
q_ind_28_pop_2,0.490434,0.491048,0.459826,0.517627
q_ind_29_pop_2,0.487776,0.488503,0.458937,0.512842
q_ind_30_pop_2,0.449923,0.450337,0.432041,0.466245
q_ind_31_pop_2,0.510935,0.511007,0.477710,0.542836
q_ind_32_pop_2,0.481156,0.481798,0.450474,0.511331
q_ind_33_pop_2,0.471011,0.471097,0.437559,0.505674
q_ind_34_pop_2,0.446016,0.445354,0.424255,0.472692
q_ind_35_pop_2,0.446141,0.446292,0.428384,0.462452
q_ind_36_pop_2,0.440392,0.440370,0.422916,0.457961
q_ind_37_pop_2,0.459186,0.459355,0.441821,0.475219
q_ind_38_pop_2,0.455710,0.456128,0.428188,0.482579
q_ind_39_pop_2,0.483267,0.483403,0.443036,0.520703
q_ind_40_pop_2,0.462460,0.461787,0.439484,0.494431
q_ind_41_pop_2,0.392411,0.392819,0.356570,0.426160
q_ind_42_pop_2,0.392508,0.392977,0.352473,0.426671
q_ind_43_pop_2,0.421416,0.421552,0.383854,0.458277
q_ind_44_pop_2,0.392839,0.393386,0.355576,0.428883
q_ind_45_pop_2,0.380219,0.381012,0.338518,0.415692
q_ind_46_pop_2,0.404616,0.405130,0.365536,0.441920
q_ind_47_pop_2,0.368025,0.367611,0.328056,0.407939
q_ind_48_pop_2,0.403641,0.404066,0.378089,0.427745
q_ind_49_pop_2,0.409135,0.409737,0.382678,0.432447
q_ind_50_pop_2,0.403045,0.403528,0.379583,0.423954
q_ind_51_pop_2,0.403700,0.404488,0.374177,0.429170
q_ind_52_pop_2,0.406520,0.407432,0.380158,0.427957
q_ind_53_pop_2,0.399047,0.399475,0.368904,0.425310
q_ind_54_pop_2,0.442059,0.442306,0.417515,0.464490
q_ind_55_pop_2,0.400017,0.400755,0.375784,0.421045
q_ind_56_pop_2,0.402331,0.402540,0.379271,0.423673
q_ind_57_pop_2,0.403108,0.403850,0.374636,0.428065
q_ind_58_pop_2,0.394716,0.395522,0.366364,0.419137
q_ind_59_pop_2,0.414904,0.414489,0.383078,0.448737
q_ind_60_pop_2,0.423058,0.423667,0.388527,0.451873
q_ind_61_pop_2,0.444250,0.445397,0.417832,0.464053
q_ind_62_pop_2,0.433454,0.433504,0.409503,0.456507
q_ind_63_pop_2,0.413430,0.414192,0.380178,0.442227
q_ind_64_pop_2,0.412758,0.413705,0.374119,0.445292
q_ind_65_pop_2,0.431668,0.432081,0.400040,0.460419
q_ind_66_pop_2,0.446633,0.447173,0.425098,0.465205
q_ind_67_pop_2,0.415709,0.415818,0.387210,0.443057
q_ind_68_pop_2,0.431107,0.431879,0.399080,0.460010
q_ind_69_pop_2,0.461050,0.461519,0.431697,0.488578
q_ind_70_pop_2,0.484213,0.484183,0.455674,0.511622
q_ind_71_pop_2,0.480098,0.480040,0.454212,0.504773
q_ind_72_pop_2,0.448563,0.448685,0.418860,0.477207
q_ind_73_pop_2,0.479734,0.480002,0.453729,0.504417
q_ind_74_pop_2,0.488780,0.488100,0.459111,0.520228
q_ind_75_pop_2,0.479396,0.479367,0.451454,0.507837
q_ind_76_pop_2,0.477031,0.477105,0.449056,0.505069
q_ind_77_pop_2,0.457428,0.457361,0.431696,0.482576
q_ind_78_pop_2,0.475356,0.475653,0.443371,0.504392
q_ind_79_pop_2,0.471805,0.473119,0.433975,0.500756
q_ind_80_pop_2,0.535225,0.535501,0.500526,0.568781
q_ind_81_pop_2,0.477252,0.477597,0.443063,0.508511
q_ind_82_pop_2,0.490011,0.490342,0.455310,0.522888
q_ind_83_pop_2,0.499199,0.499377,0.467379,0.530187
q_ind_84_pop_2,0.494777,0.494965,0.461542,0.526348
q_ind_85_pop_2,0.489647,0.489808,0.457070,0.521422
q_ind_86_pop_2,0.458413,0.458410,0.431099,0.486589
q_ind_87_pop_2,0.513968,0.514886,0.474837,0.549328
q_ind_88_pop_2,0.279544,0.279103,0.246030,0.314663
q_ind_89_pop_2,0.305921,0.306335,0.269959,0.340008
q_ind_90_pop_2,0.405705,0.406228,0.377313,0.432417
q_ind_91_pop_2,0.389673,0.389901,0.366711,0.410929
q_ind_92_pop_2,0.282748,0.283922,0.242293,0.318178
q_ind_93_pop_2,0.248822,0.248877,0.213646,0.283415
q_ind_94_pop_2,0.307967,0.307879,0.272213,0.343875
q_ind_95_pop_2,0.274754,0.275355,0.237393,0.309890
q_ind_96_pop_2,0.393861,0.393405,0.363352,0.426586
q_ind_97_pop_2,0.313213,0.313421,0.273558,0.350847
q_ind_98_pop_2,0.472768,0.473523,0.436835,0.501793
q_ind_99_pop_2,0.485646,0.487032,0.445720,0.516298
q_ind_100_pop_2,0.505679,0.506030,0.469135,0.540448
q_ind_101_pop_2,0.461260,0.462066,0.424445,0.491480
q_ind_102_pop_2,0.479692,0.479941,0.447144,0.511123
q_ind_103_pop_2,0.438012,0.439030,0.407338,0.462502
q_ind_104_pop_2,0.496831,0.497294,0.461356,0.531103
q_ind_105_pop_2,0.505336,0.505461,0.467430,0.541244
q_ind_106_pop_2,0.330387,0.330387,0.295608,0.365652
q_ind_107_pop_2,0.315133,0.315288,0.278544,0.350368
q_ind_108_pop_2,0.300806,0.301913,0.260827,0.334711
q_ind_109_pop_2,0.305034,0.305983,0.266094,0.339503
q_ind_110_pop_2,0.275920,0.276192,0.245491,0.304834
q_ind_111_pop_2,0.330436,0.331255,0.290399,0.364132
q_ind_112_pop_2,0.302851,0.303427,0.264973,0.337931
q_ind_113_pop_2,0.308546,0.309054,0.271442,0.341788
q_ind_114_pop_2,0.389628,0.390188,0.360869,0.416720
q_ind_115_pop_2,0.465081,0.465015,0.437775,0.492267
q_ind_116_pop_2,0.515708,0.515863,0.485955,0.544722
q_ind_117_pop_2,0.484505,0.484879,0.456715,0.510773
q_ind_118_pop_2,0.501597,0.501205,0.474642,0.529600
q_ind_119_pop_2,0.501081,0.501402,0.472813,0.527828
q_ind_120_pop_2,0.505232,0.505086,0.474697,0.534274
q_ind_121_pop_2,0.465569,0.466031,0.437980,0.490691
q_ind_122_pop_2,0.447195,0.447500,0.426020,0.466345
q_ind_123_pop_2,0.478656,0.479097,0.451550,0.504806
q_ind_124_pop_2,0.483104,0.483268,0.455743,0.509297
q_ind_125_pop_2,0.480884,0.480937,0.454013,0.507556
q_ind_126_pop_2,0.506407,0.506719,0.477569,0.532695
q_ind_127_pop_2,0.506949,0.507603,0.477509,0.532912
q_ind_128_pop_2,0.487922,0.489475,0.464453,0.499774
q_ind_129_pop_2,0.459287,0.459215,0.442840,0.477144
q_ind_130_pop_2,0.494719,0.494679,0.468240,0.521541
q_ind_131_pop_2,0.506520,0.506687,0.478858,0.532900
q_ind_132_pop_2,0.447217,0.447105,0.427273,0.467369
q_ind_133_pop_2,0.477483,0.477770,0.450483,0.502718
q_ind_134_pop_2,0.484368,0.484398,0.457040,0.511055
q_ind_135_pop_2,0.401877,0.402184,0.368351,0.433118
q_ind_136_pop_2,0.418857,0.419889,0.377274,0.451674
q_ind_137_pop_2,0.435064,0.434955,0.403044,0.466211
q_ind_138_pop_2,0.410630,0.410314,0.384003,0.438759
q_ind_139_pop_2,0.420897,0.421342,0.384993,0.453417
q_ind_140_pop_2,0.447641,0.448026,0.415651,0.477046
q_ind_141_pop_2,0.422608,0.423109,0.389421,0.454298
q_ind_142_pop_2,0.405456,0.406477,0.367553,0.438460
q_ind_143_pop_2,0.427161,0.427874,0.390071,0.461468
q_ind_144_pop_2,0.464849,0.465010,0.434214,0.494090
q_ind_145_pop_2,0.490675,0.491006,0.459317,0.520142
q_ind_146_pop_2,0.495807,0.496027,0.464538,0.525211
q_ind_147_pop_2,0.456191,0.456725,0.431490,0.477164
q_ind_148_pop_2,0.457034,0.457494,0.436653,0.475503
q_ind_149_pop_2,0.514845,0.515415,0.483099,0.542945
q_ind_150_pop_2,0.511207,0.511105,0.482167,0.539397
q_ind_151_pop_2,0.462505,0.462551,0.434142,0.489669
q_ind_152_pop_2,0.440334,0.440737,0.421603,0.457834
q_ind_153_pop_2,0.523403,0.523408,0.498660,0.546918
q_ind_154_pop_2,0.465068,0.466079,0.436612,0.490402
q_ind_155_pop_2,0.455278,0.455791,0.430982,0.476118
q_ind_156_pop_2,0.454422,0.455296,0.412968,0.489259
q_ind_157_pop_2,0.466968,0.467409,0.436520,0.495639
q_ind_158_pop_2,0.418260,0.417397,0.393739,0.447454
q_ind_159_pop_2,0.488026,0.488557,0.454932,0.520001
q_ind_160_pop_2,0.456337,0.456349,0.436971,0.476003
q_ind_161_pop_2,0.477276,0.477389,0.448009,0.506922
q_ind_162_pop_2,0.468417,0.468588,0.437397,0.497406
q_ind_163_pop_2,0.453875,0.454044,0.431514,0.475594
q_ind_164_pop_2,0.468301,0.469265,0.434086,0.496635
q_ind_165_pop_2,0.463493,0.463415,0.436274,0.490939
q_ind_166_pop_2,0.437872,0.437145,0.412867,0.466466
q_ind_167_pop_2,0.477208,0.477472,0.444310,0.508915
q_ind_168_pop_2,0.465124,0.465108,0.443336,0.487915
q_ind_169_pop_2,0.459978,0.461072,0.420155,0.492937
q_ind_170_pop_2,0.422565,0.422747,0.397867,0.445892
q_ind_171_pop_2,0.403635,0.403971,0.371069,0.434877
q_ind_172_pop_2,0.370613,0.371887,0.330749,0.403071
q_ind_173_pop_2,0.399780,0.399829,0.368280,0.432004
q_ind_174_pop_2,0.369537,0.370182,0.329119,0.406107
q_ind_175_pop_2,0.372860,0.373681,0.329098,0.409617
q_ind_176_pop_2,0.405422,0.405859,0.370339,0.437206
q_ind_177_pop_2,0.424265,0.425130,0.383988,0.461024
q_ind_178_pop_2,0.408118,0.407614,0.376837,0.440929
q_ind_179_pop_2,0.468050,0.468037,0.436599,0.498575
q_ind_180_pop_2,0.473400,0.473783,0.442892,0.502266
q_ind_181_pop_2,0.459977,0.460657,0.422849,0.494191
q_ind_182_pop_2,0.463580,0.463924,0.430728,0.492883
q_ind_183_pop_2,0.452430,0.452988,0.417697,0.484757
q_ind_184_pop_2,0.420690,0.420698,0.399315,0.441404
q_ind_185_pop_2,0.455831,0.457610,0.412213,0.486009
q_ind_186_pop_2,0.442863,0.442501,0.417353,0.471729
q_ind_187_pop_2,0.479052,0.479643,0.446457,0.509948
q_ind_188_pop_2,0.401917,0.401656,0.370638,0.434293
q_ind_189_pop_2,0.493117,0.493511,0.462549,0.520753
q_ind_190_pop_2,0.477514,0.478307,0.456576,0.494860
q_ind_191_pop_2,0.476435,0.476937,0.459936,0.490702
q_ind_192_pop_2,0.483455,0.481770,0.459210,0.512665
q_ind_193_pop_2,0.470681,0.470913,0.453702,0.487105
q_ind_194_pop_2,0.485517,0.487053,0.460705,0.499917
q_ind_195_pop_2,0.458615,0.457632,0.438152,0.484207
q_ind_196_pop_2,0.477985,0.477905,0.451905,0.504336
q_ind_197_pop_2,0.470558,0.470316,0.451878,0.491792
q_ind_198_pop_2,0.492979,0.493231,0.465043,0.520082
q_ind_199_pop_2,0.414071,0.414141,0.385164,0.442541
q_ind_200_pop_2,0.418951,0.417643,0.388291,0.452511
q_ind_201_pop_2,0.388881,0.388483,0.347085,0.432238
q_ind_202_pop_2,0.409938,0.410735,0.374740,0.438966
q_ind_203_pop_2,0.411412,0.413525,0.363772,0.449497
q_ind_204_pop_2,0.373452,0.372950,0.345589,0.404834
q_ind_205_pop_2,0.416563,0.416626,0.378477,0.453827
q_ind_206_pop_2,0.404923,0.404378,0.369614,0.444421
q_ind_207_pop_2,0.416153,0.415553,0.381700,0.449475
q_ind_208_pop_2,0.416826,0.417817,0.378197,0.448511
q_ind_209_pop_2,0.390580,0.389157,0.360854,0.425359
q_ind_210_pop_2,0.411540,0.412047,0.378318,0.441232
q_ind_211_pop_2,0.406833,0.407209,0.374930,0.435244
q_ind_212_pop_2,0.390792,0.391311,0.356471,0.422836
q_ind_213_pop_2,0.417623,0.418009,0.385950,0.447186
q_ind_214_pop_2,0.424587,0.424876,0.402191,0.445655
q_ind_215_pop_2,0.421731,0.422314,0.387373,0.453184
q_ind_216_pop_2,0.395855,0.396329,0.368778,0.421586
q_ind_217_pop_2,0.424304,0.424708,0.403073,0.443296
q_ind_218_pop_2,0.392932,0.394047,0.355624,0.423762
q_ind_219_pop_2,0.428412,0.428500,0.404036,0.451457
q_ind_220_pop_2,0.414056,0.414472,0.379892,0.446823
q_ind_221_pop_2,0.438626,0.439011,0.415766,0.459015
q_ind_0_pop_3,0.113940,0.113397,0.090810,0.138290
q_ind_1_pop_3,0.095090,0.094861,0.068258,0.123010
q_ind_2_pop_3,0.050415,0.050009,0.025598,0.077839
q_ind_3_pop_3,0.045468,0.045290,0.020847,0.069922
q_ind_4_pop_3,0.199125,0.198726,0.168932,0.228235
q_ind_5_pop_3,0.082598,0.082416,0.054423,0.110843
q_ind_6_pop_3,0.070328,0.070309,0.043197,0.096799
q_ind_7_pop_3,0.055473,0.055616,0.030680,0.080145
q_ind_8_pop_3,0.048361,0.048248,0.021789,0.076467
q_ind_9_pop_3,0.044888,0.044810,0.019110,0.069322
q_ind_10_pop_3,0.037642,0.038002,0.008051,0.064205
q_ind_11_pop_3,0.050876,0.050604,0.027639,0.076124
q_ind_12_pop_3,0.173330,0.173792,0.143761,0.200831
q_ind_13_pop_3,0.161476,0.161353,0.128461,0.194693
q_ind_14_pop_3,0.165274,0.165326,0.131937,0.197894
q_ind_15_pop_3,0.176099,0.176364,0.144470,0.204957
q_ind_16_pop_3,0.168072,0.167822,0.139573,0.197240
q_ind_17_pop_3,0.149874,0.150359,0.117647,0.180059
q_ind_18_pop_3,0.176269,0.176630,0.147398,0.202950
q_ind_19_pop_3,0.165915,0.166155,0.139727,0.192343
q_ind_20_pop_3,0.471046,0.471026,0.442029,0.499587
q_ind_21_pop_3,0.516076,0.516179,0.487316,0.545201
q_ind_22_pop_3,0.484986,0.485145,0.455497,0.512957
q_ind_23_pop_3,0.440540,0.440328,0.405548,0.475981
q_ind_24_pop_3,0.463243,0.463114,0.432702,0.493916
q_ind_25_pop_3,0.525698,0.525928,0.499955,0.551736
q_ind_26_pop_3,0.452950,0.453463,0.423251,0.481842
q_ind_27_pop_3,0.487088,0.487392,0.457618,0.515979
q_ind_28_pop_3,0.495783,0.495414,0.465531,0.527853
q_ind_29_pop_3,0.488158,0.488333,0.456672,0.517714
q_ind_30_pop_3,0.026460,0.026439,0.000043,0.062351
q_ind_31_pop_3,0.008503,0.004836,0.000003,0.035231
q_ind_32_pop_3,0.040415,0.039711,0.014420,0.069643
q_ind_33_pop_3,0.003386,0.001357,0.000001,0.018803
q_ind_34_pop_3,0.033917,0.033730,0.002718,0.064334
q_ind_35_pop_3,0.002488,0.000859,0.000000,0.014196
q_ind_36_pop_3,0.037399,0.038144,0.001483,0.068941
q_ind_37_pop_3,0.015690,0.011627,0.000005,0.048073
q_ind_38_pop_3,0.135535,0.135516,0.104992,0.166538
q_ind_39_pop_3,0.041425,0.040526,0.014094,0.074384
q_ind_40_pop_3,0.106372,0.106470,0.076580,0.135737
q_ind_41_pop_3,0.001579,0.000657,0.000000,0.007954
q_ind_42_pop_3,0.001278,0.000483,0.000000,0.006826
q_ind_43_pop_3,0.000959,0.000339,0.000000,0.005218
q_ind_44_pop_3,0.000787,0.000272,0.000000,0.004441
q_ind_45_pop_3,0.001545,0.000551,0.000000,0.008164
q_ind_46_pop_3,0.001164,0.000430,0.000000,0.006401
q_ind_47_pop_3,0.001133,0.000426,0.000000,0.006262
q_ind_48_pop_3,0.027309,0.026683,0.005416,0.052763
q_ind_49_pop_3,0.037944,0.037826,0.012341,0.063939
q_ind_50_pop_3,0.008350,0.004579,0.000001,0.032318
q_ind_51_pop_3,0.027048,0.027626,0.001423,0.052087
q_ind_52_pop_3,0.013217,0.011801,0.000039,0.035094
q_ind_53_pop_3,0.009593,0.007201,0.000006,0.032088
q_ind_54_pop_3,0.112982,0.113247,0.085882,0.140947
q_ind_55_pop_3,0.006488,0.003096,0.000001,0.026915
q_ind_56_pop_3,0.028844,0.028097,0.003476,0.054896
q_ind_57_pop_3,0.028491,0.028277,0.004812,0.051612
q_ind_58_pop_3,0.009091,0.005971,0.000003,0.032182
q_ind_59_pop_3,0.007263,0.004628,0.000002,0.026500
q_ind_60_pop_3,0.066089,0.066158,0.044629,0.087875
q_ind_61_pop_3,0.070598,0.070552,0.042268,0.101197
q_ind_62_pop_3,0.063745,0.063533,0.040062,0.088954
q_ind_63_pop_3,0.058734,0.058495,0.034919,0.083866
q_ind_64_pop_3,0.069893,0.069721,0.046216,0.094347
q_ind_65_pop_3,0.038526,0.038321,0.014480,0.063104
q_ind_66_pop_3,0.098850,0.098936,0.071615,0.126361
q_ind_67_pop_3,0.126757,0.126889,0.095757,0.156302
q_ind_68_pop_3,0.039417,0.039226,0.017429,0.062464
q_ind_69_pop_3,0.446423,0.446021,0.415251,0.480364
q_ind_70_pop_3,0.447667,0.447583,0.415987,0.479708
q_ind_71_pop_3,0.448059,0.447832,0.416077,0.480110
q_ind_72_pop_3,0.462064,0.461834,0.430422,0.495800
q_ind_73_pop_3,0.441719,0.441740,0.410210,0.474229
q_ind_74_pop_3,0.422855,0.422830,0.386075,0.458078
q_ind_75_pop_3,0.443416,0.443230,0.409586,0.478397
q_ind_76_pop_3,0.423113,0.423296,0.387351,0.457001
q_ind_77_pop_3,0.461503,0.461851,0.428955,0.492355
q_ind_78_pop_3,0.429564,0.429256,0.397324,0.463670
q_ind_79_pop_3,0.439922,0.439422,0.405039,0.475583
q_ind_80_pop_3,0.113361,0.113508,0.078648,0.146449
q_ind_81_pop_3,0.121129,0.121066,0.090939,0.153208
q_ind_82_pop_3,0.119860,0.119195,0.083686,0.157910
q_ind_83_pop_3,0.125275,0.124853,0.093654,0.159142
q_ind_84_pop_3,0.147683,0.147365,0.113333,0.182795
q_ind_85_pop_3,0.114755,0.114401,0.083536,0.148303
q_ind_86_pop_3,0.174982,0.174692,0.139615,0.212145
q_ind_87_pop_3,0.101048,0.100338,0.066866,0.136989
q_ind_88_pop_3,0.001620,0.000721,0.000000,0.007778
q_ind_89_pop_3,0.001059,0.000412,0.000000,0.005721
q_ind_90_pop_3,0.222559,0.222663,0.191698,0.252351
q_ind_91_pop_3,0.170402,0.170156,0.146420,0.194377
q_ind_92_pop_3,0.000737,0.000252,0.000000,0.004277
q_ind_93_pop_3,0.000559,0.000196,0.000000,0.003203
q_ind_94_pop_3,0.000884,0.000317,0.000000,0.004899
q_ind_95_pop_3,0.000479,0.000166,0.000000,0.002754
q_ind_96_pop_3,0.167053,0.166675,0.137551,0.197809
q_ind_97_pop_3,0.018147,0.018074,0.000306,0.037671
q_ind_98_pop_3,0.123721,0.123214,0.089715,0.158781
q_ind_99_pop_3,0.131126,0.131070,0.096493,0.167184
q_ind_100_pop_3,0.080906,0.082125,0.030133,0.123689
q_ind_101_pop_3,0.121494,0.121395,0.090824,0.151567
q_ind_102_pop_3,0.100262,0.100127,0.070145,0.131996
q_ind_103_pop_3,0.157044,0.157348,0.120120,0.195153
q_ind_104_pop_3,0.134382,0.134239,0.093910,0.176689
q_ind_105_pop_3,0.114450,0.113664,0.076415,0.156162
q_ind_106_pop_3,0.002288,0.000840,0.000000,0.012945
q_ind_107_pop_3,0.001213,0.000446,0.000000,0.006423
q_ind_108_pop_3,0.001428,0.000503,0.000000,0.008037
q_ind_109_pop_3,0.003941,0.001234,0.000000,0.020550
q_ind_110_pop_3,0.000790,0.000269,0.000000,0.004315
q_ind_111_pop_3,0.001224,0.000436,0.000000,0.006809
q_ind_112_pop_3,0.000980,0.000351,0.000000,0.005340
q_ind_113_pop_3,0.001781,0.000559,0.000000,0.010268
q_ind_114_pop_3,0.027436,0.027720,0.000566,0.054881
q_ind_115_pop_3,0.447418,0.447373,0.414401,0.481223
q_ind_116_pop_3,0.381833,0.381614,0.347226,0.417379
q_ind_117_pop_3,0.430021,0.429742,0.395503,0.464276
q_ind_118_pop_3,0.408845,0.408795,0.373109,0.445312
q_ind_119_pop_3,0.450992,0.451013,0.416189,0.485458
q_ind_120_pop_3,0.411931,0.411985,0.374915,0.447486
q_ind_121_pop_3,0.364243,0.364100,0.330076,0.397620
q_ind_122_pop_3,0.335141,0.334971,0.310641,0.360957
q_ind_123_pop_3,0.480309,0.480148,0.447410,0.513984
q_ind_124_pop_3,0.463423,0.463705,0.430841,0.496149
q_ind_125_pop_3,0.474981,0.475321,0.441817,0.506303
q_ind_126_pop_3,0.448348,0.448255,0.414672,0.480829
q_ind_127_pop_3,0.437743,0.437786,0.405392,0.471311
q_ind_128_pop_3,0.386632,0.386023,0.358980,0.416723
q_ind_129_pop_3,0.441811,0.441677,0.410568,0.472756
q_ind_130_pop_3,0.434738,0.434579,0.400623,0.467115
q_ind_131_pop_3,0.431593,0.431729,0.399686,0.462923
q_ind_132_pop_3,0.338007,0.338226,0.312809,0.360967
q_ind_133_pop_3,0.430478,0.430590,0.395653,0.465607
q_ind_134_pop_3,0.441626,0.441416,0.410733,0.473956
q_ind_135_pop_3,0.058291,0.057721,0.031571,0.088624
q_ind_136_pop_3,0.015373,0.013727,0.000008,0.043192
q_ind_137_pop_3,0.019384,0.018080,0.000067,0.046364
q_ind_138_pop_3,0.091488,0.091351,0.064685,0.119928
q_ind_139_pop_3,0.038382,0.038040,0.008043,0.068401
q_ind_140_pop_3,0.005526,0.002406,0.000001,0.025787
q_ind_141_pop_3,0.048045,0.048042,0.023654,0.072408
q_ind_142_pop_3,0.055710,0.055071,0.029989,0.083289
q_ind_143_pop_3,0.042218,0.042524,0.014025,0.068135
q_ind_144_pop_3,0.214502,0.213798,0.178221,0.252292
q_ind_145_pop_3,0.202376,0.202332,0.167605,0.238265
q_ind_146_pop_3,0.202342,0.202373,0.165742,0.239549
q_ind_147_pop_3,0.365782,0.365624,0.336467,0.396272
q_ind_148_pop_3,0.347158,0.347193,0.323080,0.371649
q_ind_149_pop_3,0.474259,0.474262,0.443232,0.504899
q_ind_150_pop_3,0.479002,0.479410,0.447609,0.508779
q_ind_151_pop_3,0.499831,0.499475,0.468181,0.533358
q_ind_152_pop_3,0.491928,0.492071,0.461733,0.522616
q_ind_153_pop_3,0.470180,0.470125,0.444195,0.495889
q_ind_154_pop_3,0.394167,0.393635,0.360822,0.429248
q_ind_155_pop_3,0.287652,0.287846,0.255996,0.319375
q_ind_156_pop_3,0.317052,0.317212,0.278188,0.356771
q_ind_157_pop_3,0.353720,0.353708,0.317326,0.390390
q_ind_158_pop_3,0.356847,0.356652,0.324337,0.390123
q_ind_159_pop_3,0.301999,0.301992,0.265850,0.338393
q_ind_160_pop_3,0.315490,0.315537,0.279788,0.350318
q_ind_161_pop_3,0.331754,0.331738,0.297187,0.367829
q_ind_162_pop_3,0.343891,0.343971,0.309273,0.378206
q_ind_163_pop_3,0.333004,0.333148,0.299236,0.366636
q_ind_164_pop_3,0.190664,0.190287,0.162988,0.222113
q_ind_165_pop_3,0.183053,0.183039,0.154821,0.212594
q_ind_166_pop_3,0.180628,0.180393,0.150537,0.209730
q_ind_167_pop_3,0.163175,0.163888,0.126276,0.197747
q_ind_168_pop_3,0.184384,0.184751,0.148319,0.219022
q_ind_169_pop_3,0.191869,0.191574,0.158149,0.227592
q_ind_170_pop_3,0.003061,0.001108,0.000000,0.016978
q_ind_171_pop_3,0.008224,0.004999,0.000004,0.029917
q_ind_172_pop_3,0.000497,0.000176,0.000000,0.002869
q_ind_173_pop_3,0.002104,0.000694,0.000000,0.012744
q_ind_174_pop_3,0.000975,0.000327,0.000000,0.005479
q_ind_175_pop_3,0.000608,0.000194,0.000000,0.003559
q_ind_176_pop_3,0.005151,0.001982,0.000001,0.026603
q_ind_177_pop_3,0.047748,0.047054,0.021139,0.076852
q_ind_178_pop_3,0.001965,0.000731,0.000000,0.011742
q_ind_179_pop_3,0.028452,0.027983,0.004528,0.054748
q_ind_180_pop_3,0.043904,0.043927,0.018791,0.069892
q_ind_181_pop_3,0.018280,0.014151,0.000008,0.054448
q_ind_182_pop_3,0.008628,0.004618,0.000002,0.034894
q_ind_183_pop_3,0.032110,0.031980,0.004634,0.057981
q_ind_184_pop_3,0.139165,0.139167,0.112640,0.165484
q_ind_185_pop_3,0.041167,0.040820,0.016700,0.067164
q_ind_186_pop_3,0.006626,0.003975,0.000002,0.025601
q_ind_187_pop_3,0.032050,0.032428,0.003714,0.058566
q_ind_188_pop_3,0.109612,0.109555,0.078967,0.140386
q_ind_189_pop_3,0.380283,0.380517,0.344905,0.413973
q_ind_190_pop_3,0.406584,0.406336,0.372043,0.441102
q_ind_191_pop_3,0.413690,0.413718,0.384142,0.443226
q_ind_192_pop_3,0.385037,0.385018,0.349905,0.420367
q_ind_193_pop_3,0.428169,0.427751,0.399899,0.458974
q_ind_194_pop_3,0.418011,0.418580,0.383832,0.450532
q_ind_195_pop_3,0.408539,0.409147,0.371704,0.442121
q_ind_196_pop_3,0.431143,0.430656,0.399087,0.466343
q_ind_197_pop_3,0.355974,0.356359,0.322624,0.387000
q_ind_198_pop_3,0.386600,0.386697,0.349303,0.422920
q_ind_199_pop_3,0.079956,0.079425,0.052695,0.108468
q_ind_200_pop_3,0.185314,0.185112,0.153634,0.216481
q_ind_201_pop_3,0.012456,0.009911,0.000012,0.039320
q_ind_202_pop_3,0.092160,0.091566,0.060921,0.127800
q_ind_203_pop_3,0.021941,0.020693,0.000109,0.052647
q_ind_204_pop_3,0.018047,0.016923,0.000036,0.045918
q_ind_205_pop_3,0.004818,0.002049,0.000001,0.023136
q_ind_206_pop_3,0.029358,0.029077,0.002139,0.058244
q_ind_207_pop_3,0.046492,0.046997,0.008831,0.075195
q_ind_208_pop_3,0.046427,0.046815,0.011271,0.081161
q_ind_209_pop_3,0.043016,0.042741,0.014935,0.071795
q_ind_210_pop_3,0.001545,0.000567,0.000000,0.008140
q_ind_211_pop_3,0.004276,0.002146,0.000001,0.018275
q_ind_212_pop_3,0.002327,0.000862,0.000000,0.013101
q_ind_213_pop_3,0.001124,0.000403,0.000000,0.006481
q_ind_214_pop_3,0.002559,0.001018,0.000000,0.012899
q_ind_215_pop_3,0.001399,0.000490,0.000000,0.008134
q_ind_216_pop_3,0.008893,0.005755,0.000004,0.032429
q_ind_217_pop_3,0.049301,0.049305,0.027146,0.071734
q_ind_218_pop_3,0.007889,0.004614,0.000002,0.030167
q_ind_219_pop_3,0.014778,0.013836,0.000021,0.038439
q_ind_220_pop_3,0.004109,0.001790,0.000001,0.020170
q_ind_221_pop_3,0.022672,0.022936,0.000265,0.046293
q_ind_0_pop_4,0.437934,0.438012,0.410940,0.464669
q_ind_1_pop_4,0.460342,0.460564,0.423437,0.496296
q_ind_2_pop_4,0.526049,0.525574,0.491107,0.563182
q_ind_3_pop_4,0.535663,0.535384,0.501503,0.570321
q_ind_4_pop_4,0.322636,0.322397,0.294085,0.351126
q_ind_5_pop_4,0.514754,0.515035,0.478658,0.550229
q_ind_6_pop_4,0.505767,0.505150,0.469592,0.544331
q_ind_7_pop_4,0.511548,0.511185,0.481310,0.544807
q_ind_8_pop_4,0.506344,0.506157,0.469689,0.545036
q_ind_9_pop_4,0.523956,0.523492,0.490782,0.557197
q_ind_10_pop_4,0.530666,0.530784,0.495524,0.568769
q_ind_11_pop_4,0.514513,0.514031,0.480742,0.550802
q_ind_12_pop_4,0.006537,0.003888,0.000001,0.025092
q_ind_13_pop_4,0.019898,0.019252,0.000038,0.046396
q_ind_14_pop_4,0.021185,0.020884,0.000254,0.044941
q_ind_15_pop_4,0.018602,0.018102,0.000138,0.042236
q_ind_16_pop_4,0.007745,0.005620,0.000009,0.026509
q_ind_17_pop_4,0.010643,0.006666,0.000002,0.039397
q_ind_18_pop_4,0.008440,0.006427,0.000008,0.026831
q_ind_19_pop_4,0.059876,0.059672,0.040164,0.081141
q_ind_20_pop_4,0.001984,0.000761,0.000000,0.010201
q_ind_21_pop_4,0.003820,0.001645,0.000001,0.018913
q_ind_22_pop_4,0.004679,0.002007,0.000001,0.022106
q_ind_23_pop_4,0.038152,0.037968,0.014245,0.065226
q_ind_24_pop_4,0.002294,0.000907,0.000000,0.011605
q_ind_25_pop_4,0.003227,0.001271,0.000001,0.016742
q_ind_26_pop_4,0.003692,0.001746,0.000001,0.017620
q_ind_27_pop_4,0.005748,0.003281,0.000002,0.023346
q_ind_28_pop_4,0.003881,0.002094,0.000001,0.016589
q_ind_29_pop_4,0.004181,0.001489,0.000001,0.022395
q_ind_30_pop_4,0.443773,0.443391,0.415190,0.473445
q_ind_31_pop_4,0.403126,0.403074,0.369680,0.437237
q_ind_32_pop_4,0.422652,0.422899,0.388309,0.456804
q_ind_33_pop_4,0.470614,0.470646,0.437695,0.503517
q_ind_34_pop_4,0.440074,0.440316,0.408852,0.470733
q_ind_35_pop_4,0.484662,0.484654,0.459134,0.509550
q_ind_36_pop_4,0.442223,0.441992,0.412732,0.471727
q_ind_37_pop_4,0.448994,0.449027,0.421752,0.475702
q_ind_38_pop_4,0.244217,0.244079,0.215570,0.273378
q_ind_39_pop_4,0.396481,0.397110,0.357781,0.435847
q_ind_40_pop_4,0.388588,0.388652,0.358173,0.417913
q_ind_41_pop_4,0.002369,0.001034,0.000001,0.011926
q_ind_42_pop_4,0.001530,0.000567,0.000000,0.008709
q_ind_43_pop_4,0.001737,0.000543,0.000000,0.009765
q_ind_44_pop_4,0.001000,0.000324,0.000000,0.005580
q_ind_45_pop_4,0.002839,0.001234,0.000000,0.013083
q_ind_46_pop_4,0.001112,0.000387,0.000000,0.006527
q_ind_47_pop_4,0.001244,0.000455,0.000000,0.006883
q_ind_48_pop_4,0.002311,0.001054,0.000001,0.011672
q_ind_49_pop_4,0.000977,0.000372,0.000000,0.005329
q_ind_50_pop_4,0.001829,0.000733,0.000000,0.009594
q_ind_51_pop_4,0.002530,0.001189,0.000001,0.011669
q_ind_52_pop_4,0.001769,0.000666,0.000000,0.009275
q_ind_53_pop_4,0.001813,0.000710,0.000000,0.009334
q_ind_54_pop_4,0.054674,0.054496,0.033991,0.075547
q_ind_55_pop_4,0.001459,0.000506,0.000000,0.008448
q_ind_56_pop_4,0.002304,0.000895,0.000000,0.011743
q_ind_57_pop_4,0.001758,0.000606,0.000000,0.009276
q_ind_58_pop_4,0.004281,0.002191,0.000001,0.018352
q_ind_59_pop_4,0.004261,0.002099,0.000001,0.018739
q_ind_60_pop_4,0.003330,0.001406,0.000001,0.016067
q_ind_61_pop_4,0.060449,0.060223,0.038161,0.085546
q_ind_62_pop_4,0.038330,0.037934,0.018224,0.059455
q_ind_63_pop_4,0.002575,0.001086,0.000000,0.012608
q_ind_64_pop_4,0.005175,0.002824,0.000001,0.021940
q_ind_65_pop_4,0.007189,0.005207,0.000004,0.023930
q_ind_66_pop_4,0.045806,0.045663,0.022288,0.069079
q_ind_67_pop_4,0.052672,0.052573,0.028403,0.076581
q_ind_68_pop_4,0.001551,0.000547,0.000000,0.008765
q_ind_69_pop_4,0.089280,0.089061,0.060987,0.119456
q_ind_70_pop_4,0.066026,0.065983,0.036893,0.095309
q_ind_71_pop_4,0.067784,0.067430,0.039203,0.097331
q_ind_72_pop_4,0.086234,0.085974,0.059769,0.113522
q_ind_73_pop_4,0.072691,0.072317,0.045584,0.100155
q_ind_74_pop_4,0.079565,0.078933,0.049487,0.111685
q_ind_75_pop_4,0.071858,0.071436,0.046364,0.099494
q_ind_76_pop_4,0.096785,0.096722,0.065244,0.130112
q_ind_77_pop_4,0.077464,0.077352,0.048766,0.107528
q_ind_78_pop_4,0.090110,0.090048,0.057865,0.122115
q_ind_79_pop_4,0.078176,0.078160,0.049211,0.107744
q_ind_80_pop_4,0.207285,0.206917,0.171000,0.244931
q_ind_81_pop_4,0.233475,0.233412,0.200307,0.265528
q_ind_82_pop_4,0.187949,0.187858,0.148402,0.226753
q_ind_83_pop_4,0.205067,0.205278,0.171295,0.238204
q_ind_84_pop_4,0.188772,0.188515,0.154386,0.224041
q_ind_85_pop_4,0.218779,0.218549,0.185008,0.251890
q_ind_86_pop_4,0.181511,0.181316,0.149874,0.215278
q_ind_87_pop_4,0.225840,0.226061,0.185578,0.263632
q_ind_88_pop_4,0.001616,0.000656,0.000000,0.008441
q_ind_89_pop_4,0.000878,0.000348,0.000000,0.004506
q_ind_90_pop_4,0.028194,0.028037,0.006597,0.049981
q_ind_91_pop_4,0.109642,0.109379,0.088516,0.132849
q_ind_92_pop_4,0.000599,0.000208,0.000000,0.003436
q_ind_93_pop_4,0.000739,0.000244,0.000000,0.004429
q_ind_94_pop_4,0.000837,0.000275,0.000000,0.004868
q_ind_95_pop_4,0.000470,0.000164,0.000000,0.002621
q_ind_96_pop_4,0.061368,0.060797,0.038005,0.086288
q_ind_97_pop_4,0.003086,0.001635,0.000001,0.013465
q_ind_98_pop_4,0.179751,0.179490,0.147973,0.213716
q_ind_99_pop_4,0.176750,0.176259,0.145332,0.211133
q_ind_100_pop_4,0.181299,0.180863,0.143361,0.220043
q_ind_101_pop_4,0.190206,0.189596,0.159500,0.223716
q_ind_102_pop_4,0.188487,0.188210,0.157887,0.220001
q_ind_103_pop_4,0.170299,0.169547,0.140975,0.202677
q_ind_104_pop_4,0.179063,0.178711,0.144003,0.215805
q_ind_105_pop_4,0.169019,0.168732,0.132675,0.207165
q_ind_106_pop_4,0.001571,0.000587,0.000000,0.008542
q_ind_107_pop_4,0.002326,0.001121,0.000001,0.010810
q_ind_108_pop_4,0.001310,0.000449,0.000000,0.007337
q_ind_109_pop_4,0.001284,0.000502,0.000000,0.006919
q_ind_110_pop_4,0.001152,0.000402,0.000000,0.006563
q_ind_111_pop_4,0.002160,0.000936,0.000001,0.010904
q_ind_112_pop_4,0.001027,0.000329,0.000000,0.006195
q_ind_113_pop_4,0.000842,0.000295,0.000000,0.004676
q_ind_114_pop_4,0.042149,0.041951,0.021604,0.064149
q_ind_115_pop_4,0.083681,0.083908,0.054305,0.112425
q_ind_116_pop_4,0.083870,0.083447,0.053782,0.116516
q_ind_117_pop_4,0.054722,0.054310,0.025865,0.085330
q_ind_118_pop_4,0.073438,0.073220,0.047766,0.100677
q_ind_119_pop_4,0.042179,0.042090,0.013594,0.070940
q_ind_120_pop_4,0.071368,0.070523,0.044232,0.101400
q_ind_121_pop_4,0.116841,0.116915,0.087315,0.144906
q_ind_122_pop_4,0.165421,0.165497,0.141557,0.189450
q_ind_123_pop_4,0.004568,0.002302,0.000001,0.020101
q_ind_124_pop_4,0.008997,0.006620,0.000006,0.030342
q_ind_125_pop_4,0.013781,0.012786,0.000027,0.035274
q_ind_126_pop_4,0.002891,0.001273,0.000001,0.013222
q_ind_127_pop_4,0.006177,0.003763,0.000003,0.023660
q_ind_128_pop_4,0.080844,0.080843,0.060209,0.102291
q_ind_129_pop_4,0.033614,0.034237,0.007140,0.057605
q_ind_130_pop_4,0.014104,0.013023,0.000064,0.036999
q_ind_131_pop_4,0.009015,0.006441,0.000004,0.031094
q_ind_132_pop_4,0.052205,0.052308,0.032380,0.072251
q_ind_133_pop_4,0.034271,0.034208,0.011196,0.058608
q_ind_134_pop_4,0.024648,0.024489,0.005696,0.044741
q_ind_135_pop_4,0.537168,0.537369,0.501589,0.570750
q_ind_136_pop_4,0.554055,0.553518,0.520060,0.593921
q_ind_137_pop_4,0.541979,0.541502,0.507442,0.577738
q_ind_138_pop_4,0.494950,0.494734,0.461415,0.528745
q_ind_139_pop_4,0.538154,0.537862,0.501655,0.575573
q_ind_140_pop_4,0.543218,0.543025,0.512786,0.574536
q_ind_141_pop_4,0.525717,0.525177,0.492954,0.560945
q_ind_142_pop_4,0.536962,0.536727,0.503239,0.574558
q_ind_143_pop_4,0.526737,0.526454,0.491939,0.561700
q_ind_144_pop_4,0.263478,0.262926,0.229455,0.300083
q_ind_145_pop_4,0.247660,0.247409,0.216821,0.279623
q_ind_146_pop_4,0.244452,0.244281,0.212002,0.278151
q_ind_147_pop_4,0.026052,0.025956,0.007505,0.044817
q_ind_148_pop_4,0.152292,0.152224,0.128796,0.175944
q_ind_149_pop_4,0.001930,0.000716,0.000000,0.010440
q_ind_150_pop_4,0.002994,0.001143,0.000000,0.015570
q_ind_151_pop_4,0.001123,0.000421,0.000000,0.006079
q_ind_152_pop_4,0.001473,0.000609,0.000000,0.007594
q_ind_153_pop_4,0.001092,0.000404,0.000000,0.005693
q_ind_154_pop_4,0.056552,0.056040,0.034350,0.081739
q_ind_155_pop_4,0.208804,0.208540,0.177641,0.239576
q_ind_156_pop_4,0.225801,0.224693,0.187770,0.267564
q_ind_157_pop_4,0.176513,0.176124,0.142047,0.213030
q_ind_158_pop_4,0.222359,0.222364,0.188297,0.256237
q_ind_159_pop_4,0.208186,0.208004,0.173914,0.241788
q_ind_160_pop_4,0.181092,0.181148,0.148971,0.213653
q_ind_161_pop_4,0.186020,0.185799,0.152600,0.220458
q_ind_162_pop_4,0.185862,0.185891,0.152733,0.219675
q_ind_163_pop_4,0.197181,0.197127,0.167752,0.227641
q_ind_164_pop_4,0.002906,0.001231,0.000001,0.014812
q_ind_165_pop_4,0.004954,0.002515,0.000001,0.022084
q_ind_166_pop_4,0.010522,0.009058,0.000022,0.030906
q_ind_167_pop_4,0.016959,0.016059,0.000053,0.043039
q_ind_168_pop_4,0.049715,0.049866,0.021004,0.076241
q_ind_169_pop_4,0.009804,0.007206,0.000006,0.032259
q_ind_170_pop_4,0.566728,0.567008,0.538363,0.592729
q_ind_171_pop_4,0.579632,0.579284,0.547737,0.614027
q_ind_172_pop_4,0.627546,0.626380,0.595383,0.667706
q_ind_173_pop_4,0.594769,0.594779,0.562816,0.626862
q_ind_174_pop_4,0.627121,0.626566,0.590248,0.667582
q_ind_175_pop_4,0.625441,0.624601,0.588745,0.669222
q_ind_176_pop_4,0.586268,0.586163,0.552629,0.622000
q_ind_177_pop_4,0.225836,0.225694,0.197788,0.253859
q_ind_178_pop_4,0.587463,0.587795,0.554244,0.619482
q_ind_179_pop_4,0.497216,0.497197,0.461940,0.532187
q_ind_180_pop_4,0.475126,0.474621,0.442137,0.510819
q_ind_181_pop_4,0.494251,0.493694,0.455529,0.534175
q_ind_182_pop_4,0.510415,0.509801,0.477195,0.547291
q_ind_183_pop_4,0.482720,0.482827,0.448505,0.519041
q_ind_184_pop_4,0.359894,0.359794,0.334052,0.385739
q_ind_185_pop_4,0.493500,0.492795,0.460811,0.529888
q_ind_186_pop_4,0.442557,0.442724,0.411597,0.473518
q_ind_187_pop_4,0.477731,0.477607,0.442023,0.515035
q_ind_188_pop_4,0.196853,0.196866,0.167635,0.226656
q_ind_189_pop_4,0.041873,0.041322,0.020190,0.068578
q_ind_190_pop_4,0.051546,0.051267,0.026173,0.078451
q_ind_191_pop_4,0.075545,0.075425,0.051217,0.099737
q_ind_192_pop_4,0.038933,0.038579,0.015934,0.064324
q_ind_193_pop_4,0.039965,0.039912,0.015889,0.064098
q_ind_194_pop_4,0.038593,0.038197,0.018132,0.061074
q_ind_195_pop_4,0.053367,0.053293,0.025846,0.082133
q_ind_196_pop_4,0.026249,0.025538,0.006213,0.049571
q_ind_197_pop_4,0.082316,0.082139,0.055456,0.110515
q_ind_198_pop_4,0.059306,0.058706,0.032192,0.090726
q_ind_199_pop_4,0.310259,0.310436,0.280659,0.339890
q_ind_200_pop_4,0.223359,0.223309,0.192938,0.252464
q_ind_201_pop_4,0.367430,0.367219,0.329101,0.406341
q_ind_202_pop_4,0.314355,0.313461,0.282128,0.349780
q_ind_203_pop_4,0.342424,0.342264,0.304385,0.384421
q_ind_204_pop_4,0.376119,0.376332,0.342774,0.409218
q_ind_205_pop_4,0.368235,0.368434,0.331700,0.404738
q_ind_206_pop_4,0.349663,0.349467,0.313644,0.386922
q_ind_207_pop_4,0.360490,0.360023,0.327763,0.395534
q_ind_208_pop_4,0.265854,0.265769,0.233641,0.298994
q_ind_209_pop_4,0.358582,0.359065,0.325337,0.391631
q_ind_210_pop_4,0.000931,0.000314,0.000000,0.005255
q_ind_211_pop_4,0.004296,0.002280,0.000001,0.017910
q_ind_212_pop_4,0.000998,0.000365,0.000000,0.005347
q_ind_213_pop_4,0.001207,0.000410,0.000000,0.006847
q_ind_214_pop_4,0.004060,0.002141,0.000001,0.017000
q_ind_215_pop_4,0.001146,0.000454,0.000000,0.005878
q_ind_216_pop_4,0.024090,0.023993,0.003526,0.044847
q_ind_217_pop_4,0.001535,0.000521,0.000000,0.009259
q_ind_218_pop_4,0.002450,0.001090,0.000000,0.012039
q_ind_219_pop_4,0.027022,0.027359,0.005912,0.046828
q_ind_220_pop_4,0.001156,0.000428,0.000000,0.006152
q_ind_221_pop_4,0.010488,0.008666,0.000007,0.031369
