param,mean,median,ci_0.950_LB,ci_0.950_UB
q_ind_0_pop_0,0.000923,0.000270,0.000000,0.005328
q_ind_1_pop_0,0.001241,0.000349,0.000000,0.007589
q_ind_2_pop_0,0.001049,0.000317,0.000000,0.006021
q_ind_3_pop_0,0.000800,0.000219,0.000000,0.004781
q_ind_4_pop_0,0.008980,0.006347,0.000000,0.029753
q_ind_5_pop_0,0.001046,0.000310,0.000000,0.006152
q_ind_6_pop_0,0.000910,0.000236,0.000000,0.005807
q_ind_7_pop_0,0.001658,0.000549,0.000000,0.008995
q_ind_8_pop_0,0.001170,0.000365,0.000000,0.006410
q_ind_9_pop_0,0.000728,0.000188,0.000000,0.004500
q_ind_10_pop_0,0.004157,0.002094,0.000000,0.016982
q_ind_11_pop_0,0.001792,0.000511,0.000000,0.010588
q_ind_12_pop_0,0.361525,0.358668,0.327463,0.418484
q_ind_13_pop_0,0.355330,0.352752,0.318501,0.407164
q_ind_14_pop_0,0.364626,0.361381,0.327504,0.431272
q_ind_15_pop_0,0.343603,0.340777,0.310643,0.399248
q_ind_16_pop_0,0.333088,0.330283,0.298792,0.392217
q_ind_17_pop_0,0.381889,0.377590,0.343517,0.459846
q_ind_18_pop_0,0.329884,0.327461,0.298635,0.381420
q_ind_19_pop_0,0.318544,0.317322,0.290685,0.353767
q_ind_20_pop_0,0.007530,0.003695,0.000000,0.030567
q_ind_21_pop_0,0.004434,0.001545,0.000000,0.022746
q_ind_22_pop_0,0.001785,0.000605,0.000000,0.009253
q_ind_23_pop_0,0.009886,0.007004,0.000002,0.035064
q_ind_24_pop_0,0.022719,0.022855,0.000692,0.045288
q_ind_25_pop_0,0.001556,0.000482,0.000000,0.008917
q_ind_26_pop_0,0.001647,0.000534,0.000000,0.008904
q_ind_27_pop_0,0.001966,0.000617,0.000000,0.010772
q_ind_28_pop_0,0.006811,0.004682,0.000000,0.024909
q_ind_29_pop_0,0.001556,0.000451,0.000000,0.009411
q_ind_30_pop_0,0.039516,0.041545,0.002639,0.066588
q_ind_31_pop_0,0.060831,0.060617,0.029914,0.093029
q_ind_32_pop_0,0.038889,0.039099,0.007559,0.067471
q_ind_33_pop_0,0.015058,0.009078,0.000001,0.051760
q_ind_34_pop_0,0.057715,0.058005,0.029635,0.084252
q_ind_35_pop_0,0.036657,0.040075,0.000472,0.061657
q_ind_36_pop_0,0.042695,0.043544,0.010478,0.068695
q_ind_37_pop_0,0.043416,0.044964,0.002742,0.072165
q_ind_38_pop_0,0.082964,0.082204,0.053516,0.117714
q_ind_39_pop_0,0.020553,0.020127,0.000014,0.048266
q_ind_40_pop_0,0.030425,0.031441,0.000157,0.054201
q_ind_41_pop_0,0.256226,0.248953,0.209648,0.360380
q_ind_42_pop_0,0.245042,0.239076,0.193497,0.355249
q_ind_43_pop_0,0.246774,0.238719,0.196249,0.374924
q_ind_44_pop_0,0.266024,0.257538,0.215816,0.398807
q_ind_45_pop_0,0.256397,0.249204,0.200084,0.375330
q_ind_46_pop_0,0.279870,0.269967,0.227159,0.412085
q_ind_47_pop_0,0.286995,0.280566,0.236140,0.400039
q_ind_48_pop_0,0.430125,0.422588,0.388448,0.529192
q_ind_49_pop_0,0.451269,0.444393,0.411707,0.543372
q_ind_50_pop_0,0.472262,0.465157,0.431575,0.575536
q_ind_51_pop_0,0.458861,0.451140,0.418508,0.554803
q_ind_52_pop_0,0.454470,0.447535,0.412497,0.557498
q_ind_53_pop_0,0.453710,0.447620,0.414647,0.552938
q_ind_54_pop_0,0.290371,0.285826,0.252878,0.357383
q_ind_55_pop_0,0.460026,0.451500,0.418293,0.570382
q_ind_56_pop_0,0.460246,0.452832,0.417791,0.568144
q_ind_57_pop_0,0.434308,0.428113,0.393272,0.524917
q_ind_58_pop_0,0.475341,0.467693,0.429681,0.581189
q_ind_59_pop_0,0.461260,0.452254,0.415579,0.579913
q_ind_60_pop_0,0.008888,0.003992,0.000000,0.038338
q_ind_61_pop_0,0.018611,0.016749,0.000070,0.060726
q_ind_62_pop_0,0.031682,0.028827,0.011372,0.075658
q_ind_63_pop_0,0.034818,0.035152,0.000971,0.067053
q_ind_64_pop_0,0.041968,0.040093,0.013271,0.086495
q_ind_65_pop_0,0.020797,0.017705,0.000176,0.063863
q_ind_66_pop_0,0.026834,0.023320,0.000884,0.082017
q_ind_67_pop_0,0.067787,0.065519,0.038075,0.122193
q_ind_68_pop_0,0.011756,0.008069,0.000002,0.045621
q_ind_69_pop_0,0.000901,0.000244,0.000000,0.005398
q_ind_70_pop_0,0.000784,0.000202,0.000000,0.004874
q_ind_71_pop_0,0.001625,0.000492,0.000000,0.009039
q_ind_72_pop_0,0.001622,0.000495,0.000000,0.008701
q_ind_73_pop_0,0.003892,0.001695,0.000000,0.018147
q_ind_74_pop_0,0.005542,0.002615,0.000000,0.024294
q_ind_75_pop_0,0.001610,0.000508,0.000000,0.008951
q_ind_76_pop_0,0.001510,0.000442,0.000000,0.009197
q_ind_77_pop_0,0.002009,0.000669,0.000000,0.010443
q_ind_78_pop_0,0.000936,0.000247,0.000000,0.005761
q_ind_79_pop_0,0.010112,0.009066,0.000003,0.028464
q_ind_80_pop_0,0.147960,0.145065,0.110813,0.207979
q_ind_81_pop_0,0.170244,0.168034,0.135996,0.226719
q_ind_82_pop_0,0.207630,0.204734,0.167760,0.276304
q_ind_83_pop_0,0.174219,0.172086,0.141295,0.227595
q_ind_84_pop_0,0.175218,0.172298,0.137892,0.242022
q_ind_85_pop_0,0.179514,0.176894,0.146119,0.238219
q_ind_86_pop_0,0.121841,0.121115,0.091385,0.157631
q_ind_87_pop_0,0.157117,0.154604,0.118459,0.217707
q_ind_88_pop_0,0.746086,0.729960,0.693352,0.933725
q_ind_89_pop_0,0.729748,0.711121,0.670807,0.938466
q_ind_90_pop_0,0.327708,0.324959,0.294420,0.381256
q_ind_91_pop_0,0.340466,0.339461,0.314653,0.374819
q_ind_92_pop_0,0.749600,0.730416,0.686699,0.993730
q_ind_93_pop_0,0.775617,0.756164,0.714010,0.996664
q_ind_94_pop_0,0.740943,0.723261,0.680254,0.949707
q_ind_95_pop_0,0.763740,0.742478,0.702272,0.998059
q_ind_96_pop_0,0.352549,0.350365,0.318794,0.404002
q_ind_97_pop_0,0.698827,0.684416,0.643911,0.887206
q_ind_98_pop_0,0.001703,0.000522,0.000000,0.009736
q_ind_99_pop_0,0.004876,0.001916,0.000000,0.021848
q_ind_100_pop_0,0.005856,0.002112,0.000000,0.028142
q_ind_101_pop_0,0.006409,0.003666,0.000001,0.028861
q_ind_102_pop_0,0.014759,0.012793,0.000007,0.041435
q_ind_103_pop_0,0.091082,0.090429,0.059571,0.128020
q_ind_104_pop_0,0.003119,0.000858,0.000000,0.018223
q_ind_105_pop_0,0.016461,0.014682,0.000007,0.046803
q_ind_106_pop_0,0.669699,0.654448,0.613581,0.858183
q_ind_107_pop_0,0.737182,0.721700,0.679779,0.929071
q_ind_108_pop_0,0.722881,0.706153,0.667503,0.927952
q_ind_109_pop_0,0.688757,0.674376,0.636441,0.859004
q_ind_110_pop_0,0.741241,0.723931,0.686765,0.955326
q_ind_111_pop_0,0.701444,0.681001,0.644715,0.921237
q_ind_112_pop_0,0.726784,0.709089,0.670390,0.941654
q_ind_113_pop_0,0.719165,0.701304,0.661934,0.929627
q_ind_114_pop_0,0.540588,0.531351,0.498482,0.662694
q_ind_115_pop_0,0.001137,0.000306,0.000000,0.006938
q_ind_116_pop_0,0.005519,0.002702,0.000000,0.025076
q_ind_117_pop_0,0.026817,0.025852,0.003836,0.052867
q_ind_118_pop_0,0.012680,0.010476,0.000004,0.036867
q_ind_119_pop_0,0.003263,0.001111,0.000000,0.017408
q_ind_120_pop_0,0.008940,0.005719,0.000001,0.034092
q_ind_121_pop_0,0.051301,0.050875,0.028929,0.075181
q_ind_122_pop_0,0.032237,0.032090,0.014198,0.051198
q_ind_123_pop_0,0.003124,0.001013,0.000000,0.017516
q_ind_124_pop_0,0.007242,0.004736,0.000001,0.026411
q_ind_125_pop_0,0.003058,0.001288,0.000000,0.014540
q_ind_126_pop_0,0.005624,0.002346,0.000000,0.026005
q_ind_127_pop_0,0.004023,0.002293,0.000000,0.015731
q_ind_128_pop_0,0.003331,0.001266,0.000000,0.016407
q_ind_129_pop_0,0.008665,0.005210,0.000001,0.033342
q_ind_130_pop_0,0.025553,0.025304,0.000670,0.051590
q_ind_131_pop_0,0.001990,0.000569,0.000000,0.012483
q_ind_132_pop_0,0.071573,0.071453,0.048793,0.096328
q_ind_133_pop_0,0.004825,0.002044,0.000000,0.022557
q_ind_134_pop_0,0.002576,0.000686,0.000000,0.015428
q_ind_135_pop_0,0.001235,0.000343,0.000000,0.007308
q_ind_136_pop_0,0.002368,0.000901,0.000000,0.012113
q_ind_137_pop_0,0.000858,0.000233,0.000000,0.005165
q_ind_138_pop_0,0.000851,0.000223,0.000000,0.005396
q_ind_139_pop_0,0.000754,0.000210,0.000000,0.004443
q_ind_140_pop_0,0.000645,0.000169,0.000000,0.004166
q_ind_141_pop_0,0.000908,0.000244,0.000000,0.005422
q_ind_142_pop_0,0.000674,0.000170,0.000000,0.004165
q_ind_143_pop_0,0.001334,0.000409,0.000000,0.007516
q_ind_144_pop_0,0.007416,0.004362,0.000000,0.026652
q_ind_145_pop_0,0.002308,0.000706,0.000000,0.013710
q_ind_146_pop_0,0.003178,0.000975,0.000000,0.017203
q_ind_147_pop_0,0.031141,0.029748,0.005559,0.063652
q_ind_148_pop_0,0.002936,0.001126,0.000000,0.014676
q_ind_149_pop_0,0.002593,0.000738,0.000000,0.016774
q_ind_150_pop_0,0.003155,0.001055,0.000000,0.016604
q_ind_151_pop_0,0.003902,0.001359,0.000000,0.019328
q_ind_152_pop_0,0.041103,0.041378,0.009591,0.067489
q_ind_153_pop_0,0.001455,0.000347,0.000000,0.009652
q_ind_154_pop_0,0.013268,0.010411,0.000004,0.042169
q_ind_155_pop_0,0.029624,0.029183,0.010224,0.051371
q_ind_156_pop_0,0.001331,0.000351,0.000000,0.008311
q_ind_157_pop_0,0.001776,0.000542,0.000000,0.009916
q_ind_158_pop_0,0.001365,0.000421,0.000000,0.007932
q_ind_159_pop_0,0.000733,0.000180,0.000000,0.004820
q_ind_160_pop_0,0.048408,0.048191,0.024095,0.073554
q_ind_161_pop_0,0.002785,0.000865,0.000000,0.015498
q_ind_162_pop_0,0.000848,0.000238,0.000000,0.005348
q_ind_163_pop_0,0.007516,0.005794,0.000001,0.024687
q_ind_164_pop_0,0.017377,0.015487,0.000046,0.047993
q_ind_165_pop_0,0.022773,0.021646,0.000018,0.058864
q_ind_166_pop_0,0.011090,0.006595,0.000001,0.047329
q_ind_167_pop_0,0.001712,0.000487,0.000000,0.010044
q_ind_168_pop_0,0.006385,0.002798,0.000000,0.029280
q_ind_169_pop_0,0.002454,0.000588,0.000000,0.016315
q_ind_170_pop_0,0.004474,0.001348,0.000000,0.022305
q_ind_171_pop_0,0.001471,0.000422,0.000000,0.008468
q_ind_172_pop_0,0.000252,0.000065,0.000000,0.001525
q_ind_173_pop_0,0.000566,0.000150,0.000000,0.003395
q_ind_174_pop_0,0.000450,0.000121,0.000000,0.002716
q_ind_175_pop_0,0.000317,0.000073,0.000000,0.001918
q_ind_176_pop_0,0.000639,0.000160,0.000000,0.004191
q_ind_177_pop_0,0.047520,0.047068,0.025328,0.072541
q_ind_178_pop_0,0.000695,0.000193,0.000000,0.004133
q_ind_179_pop_0,0.001293,0.000385,0.000000,0.007381
q_ind_180_pop_0,0.003788,0.001914,0.000000,0.016584
q_ind_181_pop_0,0.007377,0.005004,0.000001,0.027442
q_ind_182_pop_0,0.004976,0.003070,0.000000,0.018467
q_ind_183_pop_0,0.016796,0.015922,0.000068,0.040126
q_ind_184_pop_0,0.002630,0.000772,0.000000,0.015817
q_ind_185_pop_0,0.001967,0.000597,0.000000,0.011068
q_ind_186_pop_0,0.001948,0.000638,0.000000,0.011262
q_ind_187_pop_0,0.001843,0.000533,0.000000,0.011177
q_ind_188_pop_0,0.162042,0.161608,0.131526,0.194167
q_ind_189_pop_0,0.036469,0.035699,0.011293,0.066931
q_ind_190_pop_0,0.032633,0.032678,0.008462,0.056212
q_ind_191_pop_0,0.012124,0.010781,0.000002,0.032719
q_ind_192_pop_0,0.039556,0.039620,0.011002,0.071062
q_ind_193_pop_0,0.013874,0.012589,0.000003,0.036319
q_ind_194_pop_0,0.035276,0.035434,0.013474,0.056629
q_ind_195_pop_0,0.043488,0.043216,0.019989,0.068786
q_ind_196_pop_0,0.052405,0.052016,0.027490,0.078447
q_ind_197_pop_0,0.060471,0.059970,0.037704,0.084979
q_ind_198_pop_0,0.020703,0.019464,0.000059,0.050362
q_ind_199_pop_0,0.037176,0.038728,0.007407,0.061381
q_ind_200_pop_0,0.092262,0.092397,0.068504,0.116886
q_ind_201_pop_0,0.036753,0.035542,0.016760,0.064584
q_ind_202_pop_0,0.025515,0.025150,0.001368,0.050571
q_ind_203_pop_0,0.044993,0.044470,0.016680,0.076513
q_ind_204_pop_0,0.028516,0.027872,0.002933,0.056564
q_ind_205_pop_0,0.030331,0.029376,0.005214,0.061533
q_ind_206_pop_0,0.056288,0.056002,0.031896,0.082995
q_ind_207_pop_0,0.050951,0.050872,0.028485,0.073535
q_ind_208_pop_0,0.095218,0.094986,0.069851,0.122530
q_ind_209_pop_0,0.045630,0.044684,0.024051,0.072796
q_ind_210_pop_0,0.042097,0.039470,0.015875,0.087158
q_ind_211_pop_0,0.031585,0.029893,0.004070,0.075277
q_ind_212_pop_0,0.053411,0.050818,0.025087,0.104805
q_ind_213_pop_0,0.039465,0.037210,0.011194,0.083297
q_ind_214_pop_0,0.031265,0.027078,0.007413,0.095974
q_ind_215_pop_0,0.039320,0.037049,0.007734,0.090783
q_ind_216_pop_0,0.071738,0.068156,0.035451,0.139883
q_ind_217_pop_0,0.034150,0.032291,0.001240,0.087563
q_ind_218_pop_0,0.049546,0.047018,0.025538,0.091403
q_ind_219_pop_0,0.059799,0.056666,0.032353,0.123014
q_ind_220_pop_0,0.044253,0.042433,0.016885,0.083378
q_ind_221_pop_0,0.064800,0.061144,0.036622,0.127031
q_ind_0_pop_1,0.001085,0.000310,0.000000,0.006279
q_ind_1_pop_1,0.001092,0.000304,0.000000,0.006193
q_ind_2_pop_1,0.001730,0.000579,0.000000,0.009482
q_ind_3_pop_1,0.001277,0.000344,0.000000,0.007769
q_ind_4_pop_1,0.001982,0.000476,0.000000,0.013107
q_ind_5_pop_1,0.000653,0.000166,0.000000,0.004130
q_ind_6_pop_1,0.002354,0.000812,0.000000,0.012476
q_ind_7_pop_1,0.001709,0.000561,0.000000,0.009742
q_ind_8_pop_1,0.000919,0.000247,0.000000,0.005848
q_ind_9_pop_1,0.000732,0.000198,0.000000,0.004647
q_ind_10_pop_1,0.001538,0.000514,0.000000,0.008304
q_ind_11_pop_1,0.000768,0.000228,0.000000,0.004515
q_ind_12_pop_1,0.026176,0.025036,0.000343,0.061183
q_ind_13_pop_1,0.043127,0.043808,0.000449,0.080259
q_ind_14_pop_1,0.031248,0.031831,0.000140,0.066992
q_ind_15_pop_1,0.035971,0.034417,0.009428,0.072263
q_ind_16_pop_1,0.061566,0.060595,0.034579,0.097886
q_ind_17_pop_1,0.037154,0.035764,0.012476,0.070364
q_ind_18_pop_1,0.046561,0.044659,0.019727,0.087894
q_ind_19_pop_1,0.030680,0.029752,0.005470,0.062130
q_ind_20_pop_1,0.001953,0.000622,0.000000,0.011110
q_ind_21_pop_1,0.005458,0.002725,0.000000,0.024688
q_ind_22_pop_1,0.002086,0.000668,0.000000,0.011569
q_ind_23_pop_1,0.002592,0.000716,0.000000,0.015317
q_ind_24_pop_1,0.003688,0.001471,0.000000,0.018491
q_ind_25_pop_1,0.001938,0.000610,0.000000,0.010404
q_ind_26_pop_1,0.011136,0.007295,0.000001,0.040898
q_ind_27_pop_1,0.003004,0.000914,0.000000,0.017576
q_ind_28_pop_1,0.002788,0.000975,0.000000,0.015552
q_ind_29_pop_1,0.011093,0.007626,0.000001,0.036366
q_ind_30_pop_1,0.026468,0.026425,0.001486,0.050108
q_ind_31_pop_1,0.002632,0.000870,0.000000,0.014695
q_ind_32_pop_1,0.015544,0.012065,0.000001,0.048931
q_ind_33_pop_1,0.009254,0.006699,0.000001,0.031245
q_ind_34_pop_1,0.019232,0.017916,0.000006,0.050901
q_ind_35_pop_1,0.004852,0.001987,0.000000,0.023368
q_ind_36_pop_1,0.027067,0.027124,0.000217,0.056478
q_ind_37_pop_1,0.018099,0.016350,0.000013,0.046948
q_ind_38_pop_1,0.083321,0.083561,0.054456,0.111380
q_ind_39_pop_1,0.055027,0.054324,0.024058,0.087338
q_ind_40_pop_1,0.004113,0.001559,0.000000,0.021266
q_ind_41_pop_1,0.385080,0.380956,0.341454,0.468012
q_ind_42_pop_1,0.389019,0.384493,0.345534,0.475280
q_ind_43_pop_1,0.356188,0.351550,0.311481,0.445219
q_ind_44_pop_1,0.391617,0.384480,0.344550,0.489580
q_ind_45_pop_1,0.392181,0.387705,0.345097,0.477566
q_ind_46_pop_1,0.374348,0.369586,0.327779,0.464620
q_ind_47_pop_1,0.386704,0.381642,0.341547,0.479646
q_ind_48_pop_1,0.171545,0.170478,0.136986,0.217389
q_ind_49_pop_1,0.145776,0.143674,0.112267,0.198495
q_ind_50_pop_1,0.150548,0.148813,0.120950,0.191787
q_ind_51_pop_1,0.151924,0.150255,0.120346,0.204137
q_ind_52_pop_1,0.171921,0.168977,0.135668,0.235111
q_ind_53_pop_1,0.179638,0.177435,0.145916,0.234919
q_ind_54_pop_1,0.127310,0.126367,0.095069,0.169292
q_ind_55_pop_1,0.172181,0.170606,0.141030,0.215794
q_ind_56_pop_1,0.137871,0.136618,0.107155,0.179132
q_ind_57_pop_1,0.171007,0.168971,0.139455,0.220644
q_ind_58_pop_1,0.151512,0.150009,0.119330,0.194678
q_ind_59_pop_1,0.147323,0.145910,0.115369,0.191836
q_ind_60_pop_1,0.539877,0.536057,0.499823,0.614318
q_ind_61_pop_1,0.428551,0.427175,0.395519,0.469596
q_ind_62_pop_1,0.454573,0.453367,0.424335,0.495625
q_ind_63_pop_1,0.518974,0.515700,0.479375,0.584624
q_ind_64_pop_1,0.489291,0.486133,0.449946,0.553134
q_ind_65_pop_1,0.534080,0.530534,0.491820,0.604394
q_ind_66_pop_1,0.397849,0.397082,0.365019,0.437788
q_ind_67_pop_1,0.358346,0.358351,0.323271,0.394370
q_ind_68_pop_1,0.543752,0.538443,0.501936,0.627171
q_ind_69_pop_1,0.001917,0.000519,0.000000,0.011641
q_ind_70_pop_1,0.000852,0.000233,0.000000,0.005191
q_ind_71_pop_1,0.001392,0.000383,0.000000,0.008498
q_ind_72_pop_1,0.001097,0.000314,0.000000,0.006710
q_ind_73_pop_1,0.001505,0.000469,0.000000,0.008444
q_ind_74_pop_1,0.001607,0.000386,0.000000,0.010998
q_ind_75_pop_1,0.002937,0.001281,0.000000,0.013101
q_ind_76_pop_1,0.000980,0.000274,0.000000,0.005791
q_ind_77_pop_1,0.001171,0.000320,0.000000,0.007236
q_ind_78_pop_1,0.002362,0.000713,0.000000,0.013458
q_ind_79_pop_1,0.000970,0.000275,0.000000,0.005507
q_ind_80_pop_1,0.003733,0.001012,0.000000,0.021724
q_ind_81_pop_1,0.001375,0.000365,0.000000,0.008605
q_ind_82_pop_1,0.002393,0.000525,0.000000,0.016956
q_ind_83_pop_1,0.003435,0.001156,0.000000,0.017990
q_ind_84_pop_1,0.002948,0.000705,0.000000,0.018872
q_ind_85_pop_1,0.003756,0.001569,0.000000,0.018543
q_ind_86_pop_1,0.065855,0.066253,0.036978,0.092469
q_ind_87_pop_1,0.007252,0.003755,0.000000,0.030872
q_ind_88_pop_1,0.004150,0.001109,0.000000,0.025763
q_ind_89_pop_1,0.002756,0.000885,0.000000,0.015977
q_ind_90_pop_1,0.025979,0.026558,0.000027,0.055498
q_ind_91_pop_1,0.001395,0.000416,0.000000,0.008498
q_ind_92_pop_1,0.000614,0.000130,0.000000,0.004166
q_ind_93_pop_1,0.000673,0.000153,0.000000,0.004418
q_ind_94_pop_1,0.002395,0.000559,0.000000,0.015805
q_ind_95_pop_1,0.000656,0.000155,0.000000,0.004355
q_ind_96_pop_1,0.035473,0.034769,0.015014,0.059557
q_ind_97_pop_1,0.006596,0.004004,0.000000,0.025411
q_ind_98_pop_1,0.230517,0.229399,0.195008,0.273586
q_ind_99_pop_1,0.216347,0.215013,0.179075,0.261717
q_ind_100_pop_1,0.244031,0.243409,0.201140,0.290350
q_ind_101_pop_1,0.232258,0.231268,0.197170,0.276382
q_ind_102_pop_1,0.240107,0.239040,0.202434,0.284322
q_ind_103_pop_1,0.145533,0.145325,0.112416,0.179737
q_ind_104_pop_1,0.197931,0.197288,0.154672,0.243756
q_ind_105_pop_1,0.213537,0.212295,0.171784,0.262322
q_ind_106_pop_1,0.031319,0.030173,0.005858,0.065314
q_ind_107_pop_1,0.007344,0.002272,0.000000,0.038686
q_ind_108_pop_1,0.005559,0.001540,0.000000,0.034555
q_ind_109_pop_1,0.030686,0.030223,0.010921,0.051999
q_ind_110_pop_1,0.001096,0.000286,0.000000,0.006864
q_ind_111_pop_1,0.002682,0.000683,0.000000,0.017463
q_ind_112_pop_1,0.001460,0.000344,0.000000,0.009337
q_ind_113_pop_1,0.004004,0.000717,0.000000,0.040628
q_ind_114_pop_1,0.027205,0.025879,0.002523,0.063353
q_ind_115_pop_1,0.001392,0.000376,0.000000,0.008732
q_ind_116_pop_1,0.012240,0.010713,0.000008,0.033948
q_ind_117_pop_1,0.001409,0.000365,0.000000,0.008828
q_ind_118_pop_1,0.002677,0.000773,0.000000,0.014848
q_ind_119_pop_1,0.001605,0.000584,0.000000,0.008724
q_ind_120_pop_1,0.001587,0.000474,0.000000,0.009172
q_ind_121_pop_1,0.003314,0.001527,0.000000,0.014972
q_ind_122_pop_1,0.002812,0.001058,0.000000,0.014127
q_ind_123_pop_1,0.030017,0.029941,0.000651,0.059444
q_ind_124_pop_1,0.036375,0.035379,0.012362,0.063627
q_ind_125_pop_1,0.022791,0.022984,0.000173,0.048345
q_ind_126_pop_1,0.027832,0.027546,0.000215,0.061916
q_ind_127_pop_1,0.044652,0.044594,0.020419,0.070710
q_ind_128_pop_1,0.030633,0.029753,0.014564,0.051907
q_ind_129_pop_1,0.055523,0.056078,0.027220,0.082282
q_ind_130_pop_1,0.027891,0.027312,0.004451,0.053224
q_ind_131_pop_1,0.048101,0.047927,0.023670,0.074057
q_ind_132_pop_1,0.092656,0.092514,0.069011,0.116855
q_ind_133_pop_1,0.053441,0.052895,0.028170,0.082369
q_ind_134_pop_1,0.044949,0.044402,0.020699,0.073232
q_ind_135_pop_1,0.000626,0.000190,0.000000,0.003730
q_ind_136_pop_1,0.000727,0.000176,0.000000,0.004354
q_ind_137_pop_1,0.000551,0.000155,0.000000,0.003303
q_ind_138_pop_1,0.000482,0.000133,0.000000,0.002926
q_ind_139_pop_1,0.000589,0.000152,0.000000,0.003740
q_ind_140_pop_1,0.000523,0.000139,0.000000,0.003191
q_ind_141_pop_1,0.000882,0.000232,0.000000,0.005722
q_ind_142_pop_1,0.000431,0.000124,0.000000,0.002585
q_ind_143_pop_1,0.000803,0.000209,0.000000,0.005044
q_ind_144_pop_1,0.051538,0.051365,0.023561,0.079610
q_ind_145_pop_1,0.059932,0.059081,0.032947,0.092300
q_ind_146_pop_1,0.053861,0.052468,0.024409,0.092015
q_ind_147_pop_1,0.122781,0.123030,0.090251,0.150515
q_ind_148_pop_1,0.022313,0.021996,0.005354,0.040065
q_ind_149_pop_1,0.003045,0.000939,0.000000,0.018117
q_ind_150_pop_1,0.002982,0.000927,0.000000,0.016641
q_ind_151_pop_1,0.026960,0.027051,0.001578,0.053974
q_ind_152_pop_1,0.013045,0.009906,0.000001,0.042486
q_ind_153_pop_1,0.002275,0.000582,0.000000,0.014167
q_ind_154_pop_1,0.064469,0.064385,0.041903,0.087915
q_ind_155_pop_1,0.016244,0.015268,0.000103,0.038911
q_ind_156_pop_1,0.000972,0.000292,0.000000,0.005692
q_ind_157_pop_1,0.000786,0.000222,0.000000,0.004622
q_ind_158_pop_1,0.000644,0.000180,0.000000,0.003987
q_ind_159_pop_1,0.000518,0.000142,0.000000,0.003227
q_ind_160_pop_1,0.005163,0.002058,0.000000,0.025119
q_ind_161_pop_1,0.000754,0.000222,0.000000,0.004504
q_ind_162_pop_1,0.000734,0.000188,0.000000,0.004529
q_ind_163_pop_1,0.006367,0.004547,0.000001,0.022213
q_ind_164_pop_1,0.337076,0.334909,0.298787,0.392258
q_ind_165_pop_1,0.351384,0.350112,0.314604,0.396471
q_ind_166_pop_1,0.376076,0.374891,0.339553,0.418324
q_ind_167_pop_1,0.367407,0.363942,0.323715,0.435705
q_ind_168_pop_1,0.302195,0.301679,0.269301,0.339467
q_ind_169_pop_1,0.346563,0.344955,0.307388,0.395477
q_ind_170_pop_1,0.001564,0.000371,0.000000,0.010306
q_ind_171_pop_1,0.001506,0.000478,0.000000,0.008612
q_ind_172_pop_1,0.000236,0.000060,0.000000,0.001505
q_ind_173_pop_1,0.000963,0.000248,0.000000,0.005831
q_ind_174_pop_1,0.000392,0.000108,0.000000,0.002397
q_ind_175_pop_1,0.000310,0.000076,0.000000,0.001942
q_ind_176_pop_1,0.000750,0.000206,0.000000,0.004501
q_ind_177_pop_1,0.274916,0.274550,0.245361,0.306612
q_ind_178_pop_1,0.000681,0.000187,0.000000,0.004282
q_ind_179_pop_1,0.001637,0.000471,0.000000,0.009923
q_ind_180_pop_1,0.001846,0.000559,0.000000,0.010350
q_ind_181_pop_1,0.004230,0.001912,0.000000,0.019087
q_ind_182_pop_1,0.003286,0.001305,0.000000,0.016271
q_ind_183_pop_1,0.003332,0.001308,0.000000,0.016624
q_ind_184_pop_1,0.063553,0.063467,0.045425,0.082140
q_ind_185_pop_1,0.003717,0.001340,0.000000,0.018747
q_ind_186_pop_1,0.102153,0.101731,0.078087,0.128334
q_ind_187_pop_1,0.005466,0.003226,0.000000,0.021005
q_ind_188_pop_1,0.119023,0.118383,0.092137,0.149815
q_ind_189_pop_1,0.055095,0.054880,0.025741,0.084295
q_ind_190_pop_1,0.027572,0.026343,0.002652,0.056401
q_ind_191_pop_1,0.025678,0.025065,0.005192,0.049566
q_ind_192_pop_1,0.054757,0.054638,0.026543,0.083004
q_ind_193_pop_1,0.044857,0.044902,0.017639,0.072148
q_ind_194_pop_1,0.019599,0.019318,0.000061,0.044872
q_ind_195_pop_1,0.046187,0.045853,0.019484,0.074285
q_ind_196_pop_1,0.014794,0.012814,0.000003,0.043572
q_ind_197_pop_1,0.040116,0.039664,0.023061,0.059415
q_ind_198_pop_1,0.042807,0.042192,0.017886,0.070291
q_ind_199_pop_1,0.151962,0.151621,0.124991,0.180746
q_ind_200_pop_1,0.071172,0.071050,0.049036,0.095247
q_ind_201_pop_1,0.173612,0.172723,0.140838,0.211640
q_ind_202_pop_1,0.151124,0.150568,0.124036,0.181056
q_ind_203_pop_1,0.173919,0.173074,0.141137,0.210548
q_ind_204_pop_1,0.178905,0.178162,0.148819,0.212735
q_ind_205_pop_1,0.166162,0.165119,0.131510,0.207780
q_ind_206_pop_1,0.152681,0.152040,0.119289,0.191954
q_ind_207_pop_1,0.134078,0.133764,0.111089,0.158578
q_ind_208_pop_1,0.179943,0.179553,0.148146,0.215688
q_ind_209_pop_1,0.151902,0.151203,0.121463,0.185062
q_ind_210_pop_1,0.582127,0.575041,0.537089,0.677546
q_ind_211_pop_1,0.597277,0.593604,0.557165,0.666251
q_ind_212_pop_1,0.590267,0.585753,0.548439,0.676504
q_ind_213_pop_1,0.571225,0.564072,0.526592,0.668923
q_ind_214_pop_1,0.565327,0.563215,0.536103,0.607868
q_ind_215_pop_1,0.569554,0.564091,0.528156,0.661222
q_ind_216_pop_1,0.519142,0.518001,0.483961,0.564426
q_ind_217_pop_1,0.517729,0.515185,0.481533,0.576556
q_ind_218_pop_1,0.574297,0.570329,0.533585,0.644584
q_ind_219_pop_1,0.488352,0.488775,0.461901,0.514724
q_ind_220_pop_1,0.567262,0.560030,0.522963,0.666475
q_ind_221_pop_1,0.491610,0.492697,0.459827,0.520253
q_ind_0_pop_2,0.373728,0.373446,0.338447,0.408386
q_ind_1_pop_2,0.395230,0.396796,0.349104,0.431235
q_ind_2_pop_2,0.408973,0.410562,0.361269,0.445049
q_ind_3_pop_2,0.430340,0.430878,0.392372,0.464847
q_ind_4_pop_2,0.287856,0.289152,0.245256,0.321529
q_ind_5_pop_2,0.411814,0.412740,0.368485,0.448687
q_ind_6_pop_2,0.420023,0.421350,0.370829,0.462128
q_ind_7_pop_2,0.427795,0.429017,0.386240,0.463404
q_ind_8_pop_2,0.446222,0.447061,0.404258,0.483390
q_ind_9_pop_2,0.460940,0.462206,0.420104,0.495863
q_ind_10_pop_2,0.414283,0.415758,0.367310,0.450146
q_ind_11_pop_2,0.460505,0.461539,0.419184,0.494937
q_ind_12_pop_2,0.006664,0.003035,0.000000,0.029454
q_ind_13_pop_2,0.015738,0.013245,0.000003,0.045466
q_ind_14_pop_2,0.011134,0.008796,0.000004,0.036620
q_ind_15_pop_2,0.021644,0.021523,0.000427,0.047324
q_ind_16_pop_2,0.006213,0.003118,0.000000,0.025879
q_ind_17_pop_2,0.012719,0.009478,0.000002,0.042942
q_ind_18_pop_2,0.011552,0.008473,0.000001,0.038095
q_ind_19_pop_2,0.049787,0.049834,0.024347,0.073831
q_ind_20_pop_2,0.001369,0.000343,0.000000,0.008767
q_ind_21_pop_2,0.002994,0.000994,0.000000,0.015868
q_ind_22_pop_2,0.002853,0.000945,0.000000,0.017240
q_ind_23_pop_2,0.037911,0.037673,0.010104,0.068185
q_ind_24_pop_2,0.002976,0.000826,0.000000,0.018737
q_ind_25_pop_2,0.001492,0.000439,0.000000,0.008955
q_ind_26_pop_2,0.001949,0.000603,0.000000,0.011057
q_ind_27_pop_2,0.002003,0.000558,0.000000,0.011750
q_ind_28_pop_2,0.003157,0.001201,0.000000,0.015457
q_ind_29_pop_2,0.002728,0.000762,0.000000,0.015331
q_ind_30_pop_2,0.481642,0.478480,0.445251,0.542624
q_ind_31_pop_2,0.463273,0.458355,0.414470,0.543463
q_ind_32_pop_2,0.448996,0.446921,0.407163,0.505680
q_ind_33_pop_2,0.504020,0.499638,0.455641,0.575373
q_ind_34_pop_2,0.478187,0.475679,0.437453,0.543116
q_ind_35_pop_2,0.517445,0.513016,0.481790,0.579022
q_ind_36_pop_2,0.476590,0.472417,0.438016,0.539514
q_ind_37_pop_2,0.477199,0.473284,0.438692,0.548265
q_ind_38_pop_2,0.276744,0.276772,0.245620,0.309338
q_ind_39_pop_2,0.411490,0.407608,0.362414,0.481499
q_ind_40_pop_2,0.398194,0.396020,0.359761,0.455907
q_ind_41_pop_2,0.001502,0.000436,0.000000,0.009401
q_ind_42_pop_2,0.001093,0.000308,0.000000,0.006716
q_ind_43_pop_2,0.001280,0.000294,0.000000,0.008941
q_ind_44_pop_2,0.001363,0.000276,0.000000,0.010479
q_ind_45_pop_2,0.003053,0.001078,0.000000,0.015426
q_ind_46_pop_2,0.001007,0.000237,0.000000,0.006589
q_ind_47_pop_2,0.001248,0.000277,0.000000,0.007466
q_ind_48_pop_2,0.002142,0.000825,0.000000,0.010922
q_ind_49_pop_2,0.000958,0.000254,0.000000,0.005988
q_ind_50_pop_2,0.001837,0.000511,0.000000,0.011026
q_ind_51_pop_2,0.001929,0.000555,0.000000,0.011940
q_ind_52_pop_2,0.001192,0.000360,0.000000,0.007069
q_ind_53_pop_2,0.001863,0.000580,0.000000,0.010390
q_ind_54_pop_2,0.063588,0.062767,0.038045,0.092322
q_ind_55_pop_2,0.001342,0.000373,0.000000,0.007971
q_ind_56_pop_2,0.001286,0.000328,0.000000,0.007797
q_ind_57_pop_2,0.001086,0.000276,0.000000,0.006404
q_ind_58_pop_2,0.003013,0.000876,0.000000,0.016824
q_ind_59_pop_2,0.003912,0.001538,0.000000,0.019207
q_ind_60_pop_2,0.002291,0.000824,0.000000,0.012018
q_ind_61_pop_2,0.028946,0.028814,0.000769,0.057187
q_ind_62_pop_2,0.015303,0.014264,0.000004,0.041175
q_ind_63_pop_2,0.001480,0.000412,0.000000,0.009574
q_ind_64_pop_2,0.004385,0.002134,0.000000,0.019374
q_ind_65_pop_2,0.003972,0.001685,0.000000,0.018238
q_ind_66_pop_2,0.041027,0.040709,0.019930,0.063880
q_ind_67_pop_2,0.054017,0.053417,0.027154,0.083686
q_ind_68_pop_2,0.001279,0.000380,0.000000,0.007972
q_ind_69_pop_2,0.065501,0.066479,0.028202,0.095919
q_ind_70_pop_2,0.033670,0.035489,0.000048,0.064992
q_ind_71_pop_2,0.056453,0.057963,0.010865,0.085727
q_ind_72_pop_2,0.053897,0.055186,0.010600,0.084371
q_ind_73_pop_2,0.066221,0.066855,0.032103,0.095836
q_ind_74_pop_2,0.060834,0.062275,0.007195,0.092533
q_ind_75_pop_2,0.065574,0.066795,0.025552,0.095238
q_ind_76_pop_2,0.069863,0.070109,0.032163,0.104399
q_ind_77_pop_2,0.073781,0.073631,0.041701,0.105170
q_ind_78_pop_2,0.071795,0.073881,0.017343,0.104837
q_ind_79_pop_2,0.025196,0.024914,0.000002,0.066682
q_ind_80_pop_2,0.203325,0.205081,0.149316,0.242749
q_ind_81_pop_2,0.237380,0.238321,0.192018,0.272311
q_ind_82_pop_2,0.198585,0.198676,0.152960,0.239359
q_ind_83_pop_2,0.219385,0.220538,0.172151,0.255833
q_ind_84_pop_2,0.195194,0.196458,0.143127,0.234517
q_ind_85_pop_2,0.220712,0.221935,0.174635,0.256889
q_ind_86_pop_2,0.181550,0.182368,0.140170,0.214856
q_ind_87_pop_2,0.227704,0.228390,0.181136,0.269430
q_ind_88_pop_2,0.001073,0.000311,0.000000,0.006362
q_ind_89_pop_2,0.000646,0.000159,0.000000,0.004136
q_ind_90_pop_2,0.022795,0.023469,0.000106,0.044913
q_ind_91_pop_2,0.112609,0.112726,0.088745,0.136704
q_ind_92_pop_2,0.000423,0.000104,0.000000,0.002567
q_ind_93_pop_2,0.000510,0.000131,0.000000,0.003316
q_ind_94_pop_2,0.000762,0.000202,0.000000,0.004605
q_ind_95_pop_2,0.000328,0.000082,0.000000,0.002155
q_ind_96_pop_2,0.046664,0.046259,0.024481,0.071218
q_ind_97_pop_2,0.003158,0.001257,0.000000,0.014681
q_ind_98_pop_2,0.141385,0.141558,0.109463,0.172813
q_ind_99_pop_2,0.144921,0.144543,0.112301,0.179496
q_ind_100_pop_2,0.129491,0.129544,0.091489,0.166393
q_ind_101_pop_2,0.121773,0.121146,0.092351,0.153739
q_ind_102_pop_2,0.134812,0.134705,0.103548,0.166855
q_ind_103_pop_2,0.138525,0.137922,0.105732,0.174973
q_ind_104_pop_2,0.137326,0.136638,0.099320,0.180642
q_ind_105_pop_2,0.120824,0.120252,0.086960,0.157514
q_ind_106_pop_2,0.001264,0.000337,0.000000,0.007817
q_ind_107_pop_2,0.002775,0.000958,0.000000,0.014843
q_ind_108_pop_2,0.000823,0.000201,0.000000,0.005174
q_ind_109_pop_2,0.000954,0.000274,0.000000,0.005999
q_ind_110_pop_2,0.000821,0.000257,0.000000,0.004727
q_ind_111_pop_2,0.001526,0.000439,0.000000,0.010016
q_ind_112_pop_2,0.000610,0.000172,0.000000,0.003738
q_ind_113_pop_2,0.000869,0.000207,0.000000,0.005581
q_ind_114_pop_2,0.039304,0.039636,0.013318,0.060764
q_ind_115_pop_2,0.075909,0.076095,0.046255,0.105515
q_ind_116_pop_2,0.083580,0.084437,0.045371,0.117294
q_ind_117_pop_2,0.061375,0.062216,0.024639,0.091920
q_ind_118_pop_2,0.077131,0.077259,0.045729,0.106342
q_ind_119_pop_2,0.044311,0.045446,0.005053,0.073844
q_ind_120_pop_2,0.071711,0.071932,0.044558,0.098374
q_ind_121_pop_2,0.113712,0.114014,0.082451,0.142616
q_ind_122_pop_2,0.176281,0.177304,0.143110,0.202184
q_ind_123_pop_2,0.002174,0.000715,0.000000,0.011687
q_ind_124_pop_2,0.003900,0.001512,0.000000,0.019551
q_ind_125_pop_2,0.006348,0.004260,0.000000,0.024203
q_ind_126_pop_2,0.001632,0.000515,0.000000,0.009251
q_ind_127_pop_2,0.003603,0.001428,0.000000,0.018300
q_ind_128_pop_2,0.073690,0.073504,0.049856,0.098043
q_ind_129_pop_2,0.016418,0.014644,0.000001,0.045620
q_ind_130_pop_2,0.007430,0.004649,0.000000,0.027133
q_ind_131_pop_2,0.001260,0.000317,0.000000,0.007677
q_ind_132_pop_2,0.049970,0.049812,0.029278,0.071794
q_ind_133_pop_2,0.032067,0.032108,0.006057,0.055597
q_ind_134_pop_2,0.004014,0.001348,0.000000,0.021073
q_ind_135_pop_2,0.467981,0.472395,0.399972,0.505565
q_ind_136_pop_2,0.485041,0.488817,0.421865,0.516336
q_ind_137_pop_2,0.451143,0.453379,0.396772,0.487125
q_ind_138_pop_2,0.458539,0.461250,0.399259,0.496996
q_ind_139_pop_2,0.471365,0.477757,0.387027,0.507800
q_ind_140_pop_2,0.479478,0.482552,0.427646,0.508700
q_ind_141_pop_2,0.473141,0.477041,0.411810,0.503776
q_ind_142_pop_2,0.485357,0.490077,0.410143,0.522413
q_ind_143_pop_2,0.441895,0.444724,0.382905,0.475955
q_ind_144_pop_2,0.199473,0.199427,0.160216,0.237998
q_ind_145_pop_2,0.191387,0.191525,0.156855,0.225064
q_ind_146_pop_2,0.149065,0.148615,0.117107,0.183841
q_ind_147_pop_2,0.028537,0.029424,0.000966,0.051100
q_ind_148_pop_2,0.159507,0.160538,0.125825,0.186058
q_ind_149_pop_2,0.000973,0.000286,0.000000,0.005836
q_ind_150_pop_2,0.002708,0.000779,0.000000,0.015782
q_ind_151_pop_2,0.000811,0.000217,0.000000,0.004911
q_ind_152_pop_2,0.000909,0.000255,0.000000,0.005464
q_ind_153_pop_2,0.000883,0.000225,0.000000,0.005431
q_ind_154_pop_2,0.039567,0.039204,0.016732,0.063778
q_ind_155_pop_2,0.207822,0.208488,0.171206,0.238189
q_ind_156_pop_2,0.198056,0.200548,0.142504,0.238409
q_ind_157_pop_2,0.166699,0.169352,0.101107,0.204920
q_ind_158_pop_2,0.203249,0.205932,0.147077,0.240478
q_ind_159_pop_2,0.173838,0.176159,0.102248,0.212725
q_ind_160_pop_2,0.164781,0.166325,0.116249,0.200225
q_ind_161_pop_2,0.184873,0.187082,0.121938,0.224590
q_ind_162_pop_2,0.170205,0.172399,0.116182,0.209274
q_ind_163_pop_2,0.196419,0.199195,0.130998,0.233978
q_ind_164_pop_2,0.003837,0.001722,0.000000,0.017561
q_ind_165_pop_2,0.001449,0.000439,0.000000,0.008405
q_ind_166_pop_2,0.004411,0.002425,0.000000,0.018579
q_ind_167_pop_2,0.003969,0.001173,0.000000,0.021774
q_ind_168_pop_2,0.035148,0.035518,0.001140,0.065820
q_ind_169_pop_2,0.003086,0.001033,0.000000,0.016342
q_ind_170_pop_2,0.090518,0.090551,0.061692,0.118710
q_ind_171_pop_2,0.138438,0.138165,0.112337,0.165733
q_ind_172_pop_2,0.000352,0.000091,0.000000,0.002258
q_ind_173_pop_2,0.130514,0.130559,0.107665,0.152598
q_ind_174_pop_2,0.000534,0.000126,0.000000,0.003453
q_ind_175_pop_2,0.000476,0.000108,0.000000,0.003087
q_ind_176_pop_2,0.119977,0.120225,0.096988,0.141771
q_ind_177_pop_2,0.048435,0.047961,0.023577,0.076937
q_ind_178_pop_2,0.136165,0.136251,0.109945,0.160405
q_ind_179_pop_2,0.450042,0.450116,0.413088,0.484456
q_ind_180_pop_2,0.488625,0.489028,0.451895,0.524900
q_ind_181_pop_2,0.462600,0.462130,0.425862,0.501888
q_ind_182_pop_2,0.483456,0.483958,0.450124,0.514998
q_ind_183_pop_2,0.439911,0.439880,0.402640,0.476210
q_ind_184_pop_2,0.306626,0.307210,0.273063,0.337625
q_ind_185_pop_2,0.469644,0.468591,0.434759,0.512358
q_ind_186_pop_2,0.388624,0.388584,0.353770,0.423547
q_ind_187_pop_2,0.459881,0.459913,0.422648,0.495928
q_ind_188_pop_2,0.161796,0.160874,0.129595,0.203054
q_ind_189_pop_2,0.036311,0.035771,0.006046,0.064045
q_ind_190_pop_2,0.055293,0.055728,0.025603,0.083695
q_ind_191_pop_2,0.083626,0.084125,0.054713,0.110921
q_ind_192_pop_2,0.029573,0.028735,0.001591,0.057971
q_ind_193_pop_2,0.035745,0.035421,0.009093,0.063226
q_ind_194_pop_2,0.049446,0.049842,0.021519,0.075470
q_ind_195_pop_2,0.053326,0.053786,0.023106,0.080805
q_ind_196_pop_2,0.033286,0.032729,0.010653,0.058187
q_ind_197_pop_2,0.087413,0.087561,0.059003,0.115010
q_ind_198_pop_2,0.061842,0.062186,0.031794,0.091685
q_ind_199_pop_2,0.268311,0.268972,0.233049,0.300476
q_ind_200_pop_2,0.190349,0.189955,0.158111,0.224624
q_ind_201_pop_2,0.281929,0.283293,0.225674,0.322238
q_ind_202_pop_2,0.265560,0.266213,0.228807,0.297011
q_ind_203_pop_2,0.274139,0.274517,0.235231,0.314222
q_ind_204_pop_2,0.307415,0.308303,0.270234,0.340201
q_ind_205_pop_2,0.329485,0.329291,0.287593,0.370249
q_ind_206_pop_2,0.283443,0.283610,0.244075,0.321698
q_ind_207_pop_2,0.302933,0.305262,0.260232,0.332759
q_ind_208_pop_2,0.243958,0.243961,0.213422,0.274763
q_ind_209_pop_2,0.286064,0.286846,0.244034,0.321041
q_ind_210_pop_2,0.000614,0.000143,0.000000,0.003889
q_ind_211_pop_2,0.008327,0.005180,0.000000,0.030128
q_ind_212_pop_2,0.000780,0.000195,0.000000,0.005387
q_ind_213_pop_2,0.000816,0.000231,0.000000,0.005037
q_ind_214_pop_2,0.003299,0.001265,0.000000,0.015949
q_ind_215_pop_2,0.000632,0.000156,0.000000,0.003823
q_ind_216_pop_2,0.027084,0.027857,0.000639,0.048856
q_ind_217_pop_2,0.001514,0.000420,0.000000,0.009413
q_ind_218_pop_2,0.001542,0.000467,0.000000,0.008360
q_ind_219_pop_2,0.006451,0.002583,0.000000,0.026557
q_ind_220_pop_2,0.000882,0.000248,0.000000,0.005369
q_ind_221_pop_2,0.003527,0.001053,0.000000,0.020232
q_ind_0_pop_3,0.068264,0.068388,0.041855,0.094329
q_ind_1_pop_3,0.062639,0.060313,0.037785,0.099185
q_ind_2_pop_3,0.100732,0.100008,0.071674,0.133660
q_ind_3_pop_3,0.096998,0.095749,0.068439,0.131662
q_ind_4_pop_3,0.050498,0.049956,0.026153,0.077627
q_ind_5_pop_3,0.070435,0.069462,0.045860,0.102587
q_ind_6_pop_3,0.076872,0.076213,0.049086,0.108861
q_ind_7_pop_3,0.096774,0.095729,0.070028,0.129414
q_ind_8_pop_3,0.067394,0.066475,0.040439,0.099033
q_ind_9_pop_3,0.070426,0.068115,0.042515,0.111799
q_ind_10_pop_3,0.100986,0.100133,0.072032,0.133856
q_ind_11_pop_3,0.063663,0.062292,0.039614,0.095465
q_ind_12_pop_3,0.002545,0.000898,0.000000,0.013005
q_ind_13_pop_3,0.002687,0.001064,0.000000,0.013272
q_ind_14_pop_3,0.010197,0.009630,0.000028,0.025415
q_ind_15_pop_3,0.002037,0.000812,0.000000,0.010458
q_ind_16_pop_3,0.001958,0.000586,0.000000,0.010644
q_ind_17_pop_3,0.001810,0.000566,0.000000,0.009924
q_ind_18_pop_3,0.001221,0.000338,0.000000,0.007536
q_ind_19_pop_3,0.010529,0.008451,0.000001,0.033768
q_ind_20_pop_3,0.001949,0.000598,0.000000,0.010946
q_ind_21_pop_3,0.002000,0.000618,0.000000,0.011014
q_ind_22_pop_3,0.001271,0.000371,0.000000,0.006952
q_ind_23_pop_3,0.003149,0.001314,0.000000,0.014548
q_ind_24_pop_3,0.000984,0.000270,0.000000,0.006015
q_ind_25_pop_3,0.008164,0.005738,0.000001,0.028830
q_ind_26_pop_3,0.004428,0.001933,0.000000,0.020141
q_ind_27_pop_3,0.009767,0.007935,0.000004,0.030084
q_ind_28_pop_3,0.003747,0.002278,0.000000,0.014859
q_ind_29_pop_3,0.004691,0.001930,0.000000,0.021210
q_ind_30_pop_3,0.011878,0.010617,0.000009,0.032165
q_ind_31_pop_3,0.006203,0.002648,0.000000,0.029104
q_ind_32_pop_3,0.031406,0.031657,0.001601,0.060877
q_ind_33_pop_3,0.010753,0.008729,0.000003,0.034615
q_ind_34_pop_3,0.010905,0.008193,0.000002,0.036435
q_ind_35_pop_3,0.005994,0.004029,0.000000,0.021970
q_ind_36_pop_3,0.018496,0.018173,0.000143,0.041158
q_ind_37_pop_3,0.008175,0.004722,0.000000,0.033031
q_ind_38_pop_3,0.001842,0.000482,0.000000,0.011750
q_ind_39_pop_3,0.014844,0.013593,0.000005,0.041077
q_ind_40_pop_3,0.024428,0.025704,0.000037,0.049547
q_ind_41_pop_3,0.001766,0.000550,0.000000,0.010044
q_ind_42_pop_3,0.000879,0.000226,0.000000,0.005396
q_ind_43_pop_3,0.001035,0.000271,0.000000,0.006232
q_ind_44_pop_3,0.000732,0.000197,0.000000,0.004439
q_ind_45_pop_3,0.000792,0.000227,0.000000,0.004938
q_ind_46_pop_3,0.000582,0.000143,0.000000,0.003640
q_ind_47_pop_3,0.000870,0.000250,0.000000,0.004921
q_ind_48_pop_3,0.000853,0.000262,0.000000,0.004919
q_ind_49_pop_3,0.000763,0.000208,0.000000,0.004578
q_ind_50_pop_3,0.000847,0.000253,0.000000,0.004944
q_ind_51_pop_3,0.001130,0.000306,0.000000,0.007025
q_ind_52_pop_3,0.001350,0.000443,0.000000,0.007476
q_ind_53_pop_3,0.001587,0.000548,0.000000,0.008278
q_ind_54_pop_3,0.001870,0.000493,0.000000,0.011211
q_ind_55_pop_3,0.000671,0.000178,0.000000,0.004111
q_ind_56_pop_3,0.001884,0.000727,0.000000,0.009504
q_ind_57_pop_3,0.001201,0.000329,0.000000,0.007155
q_ind_58_pop_3,0.002091,0.000720,0.000000,0.010630
q_ind_59_pop_3,0.001744,0.000549,0.000000,0.009765
q_ind_60_pop_3,0.003646,0.001175,0.000000,0.019631
q_ind_61_pop_3,0.023742,0.023388,0.006074,0.042741
q_ind_62_pop_3,0.028563,0.028402,0.009380,0.047614
q_ind_63_pop_3,0.001734,0.000478,0.000000,0.010679
q_ind_64_pop_3,0.001954,0.000556,0.000000,0.010862
q_ind_65_pop_3,0.002965,0.001469,0.000000,0.013158
q_ind_66_pop_3,0.005369,0.003094,0.000000,0.020692
q_ind_67_pop_3,0.009236,0.006553,0.000001,0.030966
q_ind_68_pop_3,0.002027,0.000714,0.000000,0.011796
q_ind_69_pop_3,0.011708,0.010457,0.000002,0.033315
q_ind_70_pop_3,0.018403,0.018134,0.001389,0.035483
q_ind_71_pop_3,0.003733,0.001760,0.000000,0.016372
q_ind_72_pop_3,0.019019,0.019516,0.000004,0.045232
q_ind_73_pop_3,0.001704,0.000518,0.000000,0.009825
q_ind_74_pop_3,0.010328,0.008416,0.000001,0.032518
q_ind_75_pop_3,0.001496,0.000424,0.000000,0.008647
q_ind_76_pop_3,0.010366,0.007276,0.000001,0.035590
q_ind_77_pop_3,0.003658,0.001352,0.000000,0.018342
q_ind_78_pop_3,0.004074,0.001146,0.000000,0.022489
q_ind_79_pop_3,0.030976,0.030890,0.010795,0.051837
q_ind_80_pop_3,0.002932,0.001028,0.000000,0.015478
q_ind_81_pop_3,0.001515,0.000463,0.000000,0.008691
q_ind_82_pop_3,0.001587,0.000457,0.000000,0.009513
q_ind_83_pop_3,0.001387,0.000367,0.000000,0.008768
q_ind_84_pop_3,0.003054,0.001171,0.000000,0.014964
q_ind_85_pop_3,0.003971,0.001704,0.000000,0.017782
q_ind_86_pop_3,0.001289,0.000347,0.000000,0.007934
q_ind_87_pop_3,0.005095,0.002260,0.000000,0.022771
q_ind_88_pop_3,0.001052,0.000279,0.000000,0.006429
q_ind_89_pop_3,0.001157,0.000355,0.000000,0.006634
q_ind_90_pop_3,0.001687,0.000309,0.000000,0.011988
q_ind_91_pop_3,0.003141,0.000693,0.000000,0.020210
q_ind_92_pop_3,0.000436,0.000117,0.000000,0.002728
q_ind_93_pop_3,0.000494,0.000124,0.000000,0.003166
q_ind_94_pop_3,0.000848,0.000215,0.000000,0.005767
q_ind_95_pop_3,0.000447,0.000113,0.000000,0.002965
q_ind_96_pop_3,0.012311,0.011229,0.000002,0.034577
q_ind_97_pop_3,0.000845,0.000209,0.000000,0.005055
q_ind_98_pop_3,0.041224,0.040468,0.018287,0.068033
q_ind_99_pop_3,0.043818,0.043551,0.019789,0.068588
q_ind_100_pop_3,0.063771,0.063454,0.033699,0.095705
q_ind_101_pop_3,0.081698,0.081353,0.054365,0.112359
q_ind_102_pop_3,0.067214,0.066943,0.041686,0.094765
q_ind_103_pop_3,0.034167,0.034587,0.003207,0.059226
q_ind_104_pop_3,0.056912,0.056521,0.029278,0.085894
q_ind_105_pop_3,0.058166,0.057672,0.028071,0.092343
q_ind_106_pop_3,0.001022,0.000269,0.000000,0.006314
q_ind_107_pop_3,0.001244,0.000350,0.000000,0.007273
q_ind_108_pop_3,0.001069,0.000339,0.000000,0.006024
q_ind_109_pop_3,0.001141,0.000320,0.000000,0.007008
q_ind_110_pop_3,0.000747,0.000182,0.000000,0.004953
q_ind_111_pop_3,0.001281,0.000382,0.000000,0.007475
q_ind_112_pop_3,0.001227,0.000301,0.000000,0.007438
q_ind_113_pop_3,0.000746,0.000193,0.000000,0.004370
q_ind_114_pop_3,0.004636,0.001749,0.000000,0.021340
q_ind_115_pop_3,0.006694,0.004402,0.000000,0.024123
q_ind_116_pop_3,0.008727,0.005264,0.000000,0.033041
q_ind_117_pop_3,0.001497,0.000359,0.000000,0.009952
q_ind_118_pop_3,0.002252,0.000677,0.000000,0.012997
q_ind_119_pop_3,0.002595,0.000886,0.000000,0.014470
q_ind_120_pop_3,0.002084,0.000560,0.000000,0.011720
q_ind_121_pop_3,0.010770,0.009806,0.000006,0.029742
q_ind_122_pop_3,0.003548,0.000944,0.000000,0.022702
q_ind_123_pop_3,0.002613,0.001240,0.000000,0.012033
q_ind_124_pop_3,0.005173,0.003396,0.000000,0.018759
q_ind_125_pop_3,0.006686,0.004656,0.000001,0.023597
q_ind_126_pop_3,0.002183,0.000714,0.000000,0.011057
q_ind_127_pop_3,0.003085,0.001319,0.000000,0.014466
q_ind_128_pop_3,0.019563,0.019763,0.002107,0.034730
q_ind_129_pop_3,0.006047,0.003208,0.000000,0.025253
q_ind_130_pop_3,0.004958,0.002455,0.000000,0.020666
q_ind_131_pop_3,0.025475,0.024927,0.008915,0.045065
q_ind_132_pop_3,0.001890,0.000315,0.000000,0.014180
q_ind_133_pop_3,0.002261,0.000670,0.000000,0.012833
q_ind_134_pop_3,0.023729,0.023530,0.005317,0.042895
q_ind_135_pop_3,0.042033,0.040898,0.019406,0.072785
q_ind_136_pop_3,0.006473,0.001874,0.000000,0.035512
q_ind_137_pop_3,0.033296,0.031983,0.006590,0.068126
q_ind_138_pop_3,0.012438,0.009837,0.000001,0.042365
q_ind_139_pop_3,0.011770,0.007078,0.000001,0.046755
q_ind_140_pop_3,0.006444,0.001001,0.000000,0.038401
q_ind_141_pop_3,0.003866,0.000649,0.000000,0.027781
q_ind_142_pop_3,0.009734,0.003798,0.000000,0.047017
q_ind_143_pop_3,0.034686,0.033130,0.012149,0.065673
q_ind_144_pop_3,0.065513,0.064593,0.039325,0.094841
q_ind_145_pop_3,0.069533,0.069180,0.046533,0.093779
q_ind_146_pop_3,0.100218,0.099781,0.073113,0.128979
q_ind_147_pop_3,0.004240,0.001291,0.000000,0.022145
q_ind_148_pop_3,0.008181,0.004524,0.000000,0.027869
q_ind_149_pop_3,0.001922,0.000518,0.000000,0.011491
q_ind_150_pop_3,0.002012,0.000569,0.000000,0.012146
q_ind_151_pop_3,0.001953,0.000665,0.000000,0.010567
q_ind_152_pop_3,0.002741,0.001087,0.000000,0.013087
q_ind_153_pop_3,0.000998,0.000271,0.000000,0.005742
q_ind_154_pop_3,0.025757,0.025528,0.009380,0.043420
q_ind_155_pop_3,0.009118,0.008456,0.000009,0.023450
q_ind_156_pop_3,0.005979,0.002534,0.000000,0.027775
q_ind_157_pop_3,0.007109,0.004647,0.000001,0.028596
q_ind_158_pop_3,0.009369,0.006034,0.000000,0.033716
q_ind_159_pop_3,0.034329,0.033849,0.014753,0.057037
q_ind_160_pop_3,0.026800,0.026427,0.009296,0.047764
q_ind_161_pop_3,0.004434,0.001270,0.000000,0.025276
q_ind_162_pop_3,0.007704,0.004344,0.000000,0.029394
q_ind_163_pop_3,0.009754,0.006839,0.000001,0.036218
q_ind_164_pop_3,0.001427,0.000485,0.000000,0.007960
q_ind_165_pop_3,0.025719,0.025327,0.009861,0.044813
q_ind_166_pop_3,0.006089,0.003938,0.000001,0.022647
q_ind_167_pop_3,0.019789,0.019274,0.000222,0.045493
q_ind_168_pop_3,0.019033,0.018560,0.000032,0.045968
q_ind_169_pop_3,0.017799,0.018067,0.000023,0.039978
q_ind_170_pop_3,0.460350,0.458892,0.433274,0.503936
q_ind_171_pop_3,0.460373,0.460052,0.432254,0.490183
q_ind_172_pop_3,0.660340,0.660026,0.638776,0.683439
q_ind_173_pop_3,0.457200,0.457146,0.429648,0.485794
q_ind_174_pop_3,0.658516,0.658124,0.635844,0.683938
q_ind_175_pop_3,0.662795,0.663458,0.635847,0.687742
q_ind_176_pop_3,0.455669,0.455248,0.429970,0.485187
q_ind_177_pop_3,0.202148,0.201631,0.177975,0.230768
q_ind_178_pop_3,0.442291,0.441607,0.413777,0.473983
q_ind_179_pop_3,0.049792,0.049216,0.024455,0.078855
q_ind_180_pop_3,0.030308,0.030132,0.002564,0.058266
q_ind_181_pop_3,0.032840,0.033019,0.003680,0.062634
q_ind_182_pop_3,0.019162,0.017534,0.000052,0.048562
q_ind_183_pop_3,0.049178,0.049185,0.023924,0.075401
q_ind_184_pop_3,0.068794,0.067980,0.050365,0.091880
q_ind_185_pop_3,0.054263,0.053941,0.031282,0.079623
q_ind_186_pop_3,0.057576,0.057002,0.034279,0.084397
q_ind_187_pop_3,0.040272,0.039448,0.016868,0.067604
q_ind_188_pop_3,0.040944,0.040662,0.018077,0.065056
q_ind_189_pop_3,0.007663,0.005659,0.000001,0.025759
q_ind_190_pop_3,0.006100,0.004823,0.000001,0.019643
q_ind_191_pop_3,0.002622,0.000986,0.000000,0.013495
q_ind_192_pop_3,0.004398,0.002106,0.000000,0.019362
q_ind_193_pop_3,0.005970,0.004659,0.000001,0.019515
q_ind_194_pop_3,0.001049,0.000239,0.000000,0.007060
q_ind_195_pop_3,0.001635,0.000400,0.000000,0.010629
q_ind_196_pop_3,0.002006,0.000666,0.000000,0.011085
q_ind_197_pop_3,0.001534,0.000421,0.000000,0.009123
q_ind_198_pop_3,0.009193,0.008246,0.000046,0.024267
q_ind_199_pop_3,0.052344,0.050975,0.031982,0.081265
q_ind_200_pop_3,0.046169,0.045435,0.024196,0.074157
q_ind_201_pop_3,0.053116,0.051009,0.026259,0.092461
q_ind_202_pop_3,0.053990,0.053405,0.033286,0.078195
q_ind_203_pop_3,0.054542,0.053820,0.027364,0.084597
q_ind_204_pop_3,0.050249,0.049140,0.025578,0.081060
q_ind_205_pop_3,0.029905,0.028081,0.000083,0.076242
q_ind_206_pop_3,0.059655,0.059013,0.028007,0.096447
q_ind_207_pop_3,0.056557,0.055760,0.037086,0.080337
q_ind_208_pop_3,0.028566,0.028753,0.004390,0.052576
q_ind_209_pop_3,0.061167,0.060318,0.035375,0.090950
q_ind_210_pop_3,0.000993,0.000274,0.000000,0.005623
q_ind_211_pop_3,0.000965,0.000237,0.000000,0.006181
q_ind_212_pop_3,0.001187,0.000296,0.000000,0.007411
q_ind_213_pop_3,0.000996,0.000259,0.000000,0.006281
q_ind_214_pop_3,0.001692,0.000568,0.000000,0.008890
q_ind_215_pop_3,0.001750,0.000469,0.000000,0.010648
q_ind_216_pop_3,0.000911,0.000239,0.000000,0.005315
q_ind_217_pop_3,0.000959,0.000276,0.000000,0.005972
q_ind_218_pop_3,0.003985,0.001951,0.000000,0.017451
q_ind_219_pop_3,0.016836,0.016895,0.000680,0.034084
q_ind_220_pop_3,0.000940,0.000269,0.000000,0.005634
q_ind_221_pop_3,0.010835,0.009053,0.000001,0.032248
q_ind_0_pop_4,0.467713,0.468557,0.448180,0.482219
q_ind_1_pop_4,0.475671,0.475183,0.448803,0.503763
q_ind_2_pop_4,0.480833,0.480393,0.455613,0.507960
q_ind_3_pop_4,0.467344,0.467462,0.443087,0.491142
q_ind_4_pop_4,0.471769,0.472091,0.451261,0.491692
q_ind_5_pop_4,0.489315,0.489227,0.463934,0.515115
q_ind_6_pop_4,0.470352,0.470034,0.442409,0.499689
q_ind_7_pop_4,0.463966,0.464068,0.438907,0.489015
q_ind_8_pop_4,0.477296,0.477485,0.448547,0.505580
q_ind_9_pop_4,0.463559,0.463902,0.436345,0.490111
q_ind_10_pop_4,0.475645,0.475573,0.448529,0.503160
q_ind_11_pop_4,0.466163,0.466623,0.439183,0.492037
q_ind_12_pop_4,0.424336,0.434098,0.307327,0.454445
q_ind_13_pop_4,0.415166,0.423572,0.302285,0.447952
q_ind_14_pop_4,0.415052,0.422855,0.305057,0.444066
q_ind_15_pop_4,0.420449,0.427519,0.322330,0.451527
q_ind_16_pop_4,0.427671,0.438157,0.303669,0.458774
q_ind_17_pop_4,0.421032,0.429539,0.303760,0.454651
q_ind_18_pop_4,0.433551,0.442192,0.326709,0.462884
q_ind_19_pop_4,0.433374,0.440137,0.333755,0.462646
q_ind_20_pop_4,0.501647,0.503384,0.457972,0.533252
q_ind_21_pop_4,0.469427,0.471086,0.427668,0.497272
q_ind_22_pop_4,0.503498,0.506761,0.441793,0.533947
q_ind_23_pop_4,0.492453,0.495458,0.442568,0.525538
q_ind_24_pop_4,0.500950,0.502917,0.451307,0.529601
q_ind_25_pop_4,0.460777,0.462726,0.421085,0.488876
q_ind_26_pop_4,0.502086,0.504530,0.455544,0.529773
q_ind_27_pop_4,0.486252,0.489659,0.426600,0.515840
q_ind_28_pop_4,0.483834,0.484585,0.449920,0.512129
q_ind_29_pop_4,0.479117,0.481695,0.430910,0.507823
q_ind_30_pop_4,0.436455,0.437649,0.408199,0.455276
q_ind_31_pop_4,0.463420,0.469789,0.385415,0.504115
q_ind_32_pop_4,0.442648,0.442048,0.407770,0.478853
q_ind_33_pop_4,0.458918,0.462357,0.408736,0.498558
q_ind_34_pop_4,0.427881,0.428381,0.400236,0.451176
q_ind_35_pop_4,0.433804,0.434800,0.407658,0.453526
q_ind_36_pop_4,0.427028,0.428763,0.394576,0.447459
q_ind_37_pop_4,0.449683,0.450927,0.423488,0.467283
q_ind_38_pop_4,0.432492,0.434665,0.382896,0.463469
q_ind_39_pop_4,0.469483,0.473235,0.400513,0.509613
q_ind_40_pop_4,0.458951,0.460561,0.426907,0.482112
q_ind_41_pop_4,0.354173,0.370056,0.180502,0.410014
q_ind_42_pop_4,0.362990,0.378011,0.174671,0.417856
q_ind_43_pop_4,0.394026,0.411041,0.171134,0.450853
q_ind_44_pop_4,0.339280,0.359667,0.120747,0.398502
q_ind_45_pop_4,0.346374,0.362881,0.152319,0.403997
q_ind_46_pop_4,0.343112,0.361810,0.124539,0.403102
q_ind_47_pop_4,0.322723,0.336437,0.110291,0.385630
q_ind_48_pop_4,0.356637,0.374778,0.158086,0.404149
q_ind_49_pop_4,0.356803,0.373775,0.164702,0.404882
q_ind_50_pop_4,0.361075,0.378252,0.171506,0.403455
q_ind_51_pop_4,0.351352,0.366050,0.175160,0.394775
q_ind_52_pop_4,0.348978,0.366123,0.136574,0.397337
q_ind_53_pop_4,0.349182,0.365601,0.149801,0.397134
q_ind_54_pop_4,0.403131,0.417381,0.241963,0.445619
q_ind_55_pop_4,0.354906,0.373653,0.153608,0.399580
q_ind_56_pop_4,0.365912,0.382023,0.181876,0.408018
q_ind_57_pop_4,0.354801,0.370755,0.169100,0.398138
q_ind_58_pop_4,0.350308,0.368556,0.120465,0.395793
q_ind_59_pop_4,0.375301,0.390218,0.187667,0.425985
q_ind_60_pop_4,0.366172,0.371966,0.273070,0.407849
q_ind_61_pop_4,0.429745,0.434392,0.355518,0.455993
q_ind_62_pop_4,0.401615,0.408879,0.311917,0.434342
q_ind_63_pop_4,0.380270,0.386832,0.271407,0.425976
q_ind_64_pop_4,0.387247,0.398221,0.265144,0.429452
q_ind_65_pop_4,0.392829,0.402915,0.276999,0.438187
q_ind_66_pop_4,0.434302,0.441429,0.340443,0.462188
q_ind_67_pop_4,0.391252,0.396527,0.312495,0.427255
q_ind_68_pop_4,0.397874,0.408620,0.255237,0.442076
q_ind_69_pop_4,0.491236,0.491419,0.463911,0.518399
q_ind_70_pop_4,0.518255,0.518297,0.492820,0.544938
q_ind_71_pop_4,0.512937,0.513130,0.489150,0.536012
q_ind_72_pop_4,0.487625,0.487486,0.462555,0.511991
q_ind_73_pop_4,0.491179,0.491158,0.466298,0.517414
q_ind_74_pop_4,0.516841,0.517281,0.488557,0.543598
q_ind_75_pop_4,0.504331,0.503972,0.478744,0.530969
q_ind_76_pop_4,0.515052,0.514987,0.488992,0.540441
q_ind_77_pop_4,0.466932,0.466725,0.442944,0.491997
q_ind_78_pop_4,0.520134,0.520270,0.495628,0.543548
q_ind_79_pop_4,0.507401,0.507486,0.482279,0.531512
q_ind_80_pop_4,0.552981,0.553354,0.516727,0.586388
q_ind_81_pop_4,0.506812,0.507631,0.469133,0.536668
q_ind_82_pop_4,0.511105,0.513676,0.457343,0.547759
q_ind_83_pop_4,0.512646,0.514223,0.469993,0.545698
q_ind_84_pop_4,0.522619,0.524025,0.478933,0.555864
q_ind_85_pop_4,0.519390,0.520716,0.476130,0.551126
q_ind_86_pop_4,0.485909,0.489999,0.447975,0.501327
q_ind_87_pop_4,0.539792,0.541736,0.491861,0.575919
q_ind_88_pop_4,0.245722,0.263248,0.032147,0.300360
q_ind_89_pop_4,0.264866,0.284018,0.054315,0.323762
q_ind_90_pop_4,0.388538,0.398368,0.257117,0.429483
q_ind_91_pop_4,0.380521,0.383929,0.318292,0.406316
q_ind_92_pop_4,0.248379,0.267732,0.001329,0.312045
q_ind_93_pop_4,0.222216,0.241928,0.000569,0.284002
q_ind_94_pop_4,0.254322,0.273031,0.042713,0.315522
q_ind_95_pop_4,0.234472,0.255964,0.000159,0.296271
q_ind_96_pop_4,0.381001,0.389634,0.260199,0.418666
q_ind_97_pop_4,0.271480,0.288157,0.053198,0.327187
q_ind_98_pop_4,0.461262,0.465772,0.396343,0.498320
q_ind_99_pop_4,0.453621,0.461585,0.351833,0.493615
q_ind_100_pop_4,0.467175,0.471147,0.390950,0.508962
q_ind_101_pop_4,0.427524,0.432793,0.337868,0.465231
q_ind_102_pop_4,0.440243,0.446315,0.355793,0.479012
q_ind_103_pop_4,0.435182,0.440085,0.353110,0.467060
q_ind_104_pop_4,0.466856,0.476156,0.359536,0.515883
q_ind_105_pop_4,0.467798,0.471630,0.393555,0.511739
q_ind_106_pop_4,0.295254,0.314599,0.073979,0.351402
q_ind_107_pop_4,0.249796,0.268097,0.033997,0.311756
q_ind_108_pop_4,0.268743,0.288214,0.035464,0.325074
q_ind_109_pop_4,0.276141,0.292921,0.089962,0.327836
q_ind_110_pop_4,0.255578,0.272934,0.039400,0.309949
q_ind_111_pop_4,0.292186,0.313652,0.060749,0.350108
q_ind_112_pop_4,0.269183,0.287342,0.051346,0.326877
q_ind_113_pop_4,0.271833,0.293566,0.034006,0.332028
q_ind_114_pop_4,0.371246,0.384938,0.215220,0.414450
q_ind_115_pop_4,0.512681,0.513196,0.486374,0.537535
q_ind_116_pop_4,0.512819,0.512907,0.484878,0.539675
q_ind_117_pop_4,0.500820,0.501142,0.473205,0.527702
q_ind_118_pop_4,0.517988,0.518334,0.490050,0.545121
q_ind_119_pop_4,0.531257,0.531717,0.500331,0.558577
q_ind_120_pop_4,0.532659,0.533496,0.497823,0.561909
q_ind_121_pop_4,0.482010,0.483432,0.458982,0.497250
q_ind_122_pop_4,0.465098,0.465294,0.446104,0.482722
q_ind_123_pop_4,0.472358,0.475583,0.415642,0.503271
q_ind_124_pop_4,0.465261,0.469405,0.402258,0.496510
q_ind_125_pop_4,0.466595,0.468689,0.418979,0.496082
q_ind_126_pop_4,0.501105,0.504656,0.439001,0.532479
q_ind_127_pop_4,0.489988,0.491398,0.449387,0.519799
q_ind_128_pop_4,0.473011,0.473634,0.450047,0.489930
q_ind_129_pop_4,0.457010,0.458705,0.421445,0.476964
q_ind_130_pop_4,0.483171,0.487157,0.417094,0.515284
q_ind_131_pop_4,0.478258,0.480271,0.435491,0.508263
q_ind_132_pop_4,0.445495,0.448354,0.388681,0.471090
q_ind_133_pop_4,0.464227,0.466451,0.413180,0.496058
q_ind_134_pop_4,0.462476,0.465750,0.402484,0.494200
q_ind_135_pop_4,0.481620,0.479188,0.451660,0.528166
q_ind_136_pop_4,0.504395,0.503077,0.476342,0.543451
q_ind_137_pop_4,0.512518,0.512364,0.483736,0.542993
q_ind_138_pop_4,0.487083,0.486138,0.459464,0.521063
q_ind_139_pop_4,0.513490,0.510799,0.481727,0.570287
q_ind_140_pop_4,0.512312,0.511840,0.487296,0.541052
q_ind_141_pop_4,0.518702,0.516928,0.490864,0.561365
q_ind_142_pop_4,0.500037,0.498174,0.469944,0.544964
q_ind_143_pop_4,0.518895,0.518121,0.490922,0.551708
q_ind_144_pop_4,0.473134,0.473961,0.437422,0.503539
q_ind_145_pop_4,0.482225,0.484154,0.431232,0.512623
q_ind_146_pop_4,0.495583,0.497983,0.448424,0.529347
q_ind_147_pop_4,0.440931,0.446567,0.375710,0.469595
q_ind_148_pop_4,0.480558,0.479941,0.461762,0.499511
q_ind_149_pop_4,0.516008,0.518792,0.460514,0.546613
q_ind_150_pop_4,0.493822,0.496176,0.442534,0.525890
q_ind_151_pop_4,0.447460,0.449874,0.401055,0.477664
q_ind_152_pop_4,0.444638,0.445380,0.407170,0.471771
q_ind_153_pop_4,0.489357,0.490474,0.451831,0.517867
q_ind_154_pop_4,0.460636,0.464394,0.415733,0.482769
q_ind_155_pop_4,0.482738,0.483692,0.464088,0.496318
q_ind_156_pop_4,0.523005,0.522664,0.494799,0.553262
q_ind_157_pop_4,0.513147,0.512750,0.484525,0.546124
q_ind_158_pop_4,0.477429,0.476473,0.450015,0.511741
q_ind_159_pop_4,0.530501,0.530452,0.500810,0.561337
q_ind_160_pop_4,0.473966,0.473300,0.453820,0.500296
q_ind_161_pop_4,0.514722,0.514673,0.486072,0.544590
q_ind_162_pop_4,0.520085,0.518805,0.493287,0.556210
q_ind_163_pop_4,0.465955,0.465692,0.448101,0.485790
q_ind_164_pop_4,0.440438,0.449102,0.336226,0.479429
q_ind_165_pop_4,0.404399,0.413702,0.271376,0.445733
q_ind_166_pop_4,0.406922,0.414221,0.281384,0.435931
q_ind_167_pop_4,0.419712,0.428980,0.303542,0.466163
q_ind_168_pop_4,0.434682,0.438409,0.370100,0.462690
q_ind_169_pop_4,0.422360,0.431361,0.301128,0.470993
q_ind_170_pop_4,0.440826,0.442132,0.410112,0.462269
q_ind_171_pop_4,0.394104,0.394581,0.369797,0.414685
q_ind_172_pop_4,0.338587,0.338910,0.315778,0.359899
q_ind_173_pop_4,0.409882,0.410104,0.392246,0.426729
q_ind_174_pop_4,0.339764,0.340079,0.314570,0.362352
q_ind_175_pop_4,0.335814,0.335196,0.310941,0.362877
q_ind_176_pop_4,0.421232,0.421300,0.404231,0.437790
q_ind_177_pop_4,0.371289,0.375580,0.297536,0.406032
q_ind_178_pop_4,0.419237,0.419554,0.399756,0.436771
q_ind_179_pop_4,0.492815,0.493230,0.460830,0.523104
q_ind_180_pop_4,0.464833,0.466514,0.419122,0.497089
q_ind_181_pop_4,0.489361,0.491133,0.448451,0.520729
q_ind_182_pop_4,0.487302,0.487611,0.456255,0.516590
q_ind_183_pop_4,0.480954,0.481236,0.447504,0.511290
q_ind_184_pop_4,0.437757,0.436678,0.418232,0.466803
q_ind_185_pop_4,0.465071,0.467119,0.417717,0.494830
q_ind_186_pop_4,0.447564,0.447670,0.410039,0.481098
q_ind_187_pop_4,0.489102,0.490198,0.452434,0.520111
q_ind_188_pop_4,0.424134,0.432788,0.322227,0.464373
q_ind_189_pop_4,0.483903,0.481213,0.452310,0.519254
q_ind_190_pop_4,0.473798,0.476426,0.435069,0.493442
q_ind_191_pop_4,0.470577,0.471074,0.450393,0.487214
q_ind_192_pop_4,0.486674,0.489521,0.432747,0.517916
q_ind_193_pop_4,0.468129,0.469052,0.446578,0.485275
q_ind_194_pop_4,0.485954,0.491009,0.453433,0.499927
q_ind_195_pop_4,0.457593,0.458337,0.429583,0.479792
q_ind_196_pop_4,0.458994,0.459397,0.428705,0.485810
q_ind_197_pop_4,0.456373,0.457795,0.427072,0.475102
q_ind_198_pop_4,0.480333,0.480943,0.443361,0.511256
q_ind_199_pop_4,0.438038,0.439485,0.406673,0.460293
q_ind_200_pop_4,0.438865,0.445014,0.392014,0.467291
q_ind_201_pop_4,0.450306,0.451906,0.405752,0.484008
q_ind_202_pop_4,0.436823,0.438306,0.404317,0.460183
q_ind_203_pop_4,0.446740,0.448878,0.397666,0.481517
q_ind_204_pop_4,0.431775,0.433350,0.384880,0.462574
q_ind_205_pop_4,0.441319,0.445504,0.358409,0.479534
q_ind_206_pop_4,0.438937,0.443859,0.379400,0.477459
q_ind_207_pop_4,0.442955,0.443642,0.416407,0.464032
q_ind_208_pop_4,0.434892,0.439261,0.358903,0.462833
q_ind_209_pop_4,0.445270,0.447544,0.394067,0.477693
q_ind_210_pop_4,0.372761,0.384897,0.235258,0.421582
q_ind_211_pop_4,0.355266,0.363712,0.229553,0.399860
q_ind_212_pop_4,0.351883,0.361062,0.223256,0.397850
q_ind_213_pop_4,0.386636,0.398871,0.251152,0.432118
q_ind_214_pop_4,0.396197,0.403902,0.291465,0.428475
q_ind_215_pop_4,0.387748,0.398986,0.251508,0.433541
q_ind_216_pop_4,0.374385,0.381807,0.265587,0.415482
q_ind_217_pop_4,0.401567,0.411282,0.289640,0.432814
q_ind_218_pop_4,0.361908,0.369851,0.235182,0.408104
q_ind_219_pop_4,0.413461,0.420291,0.313315,0.446672
q_ind_220_pop_4,0.382709,0.395229,0.247330,0.433728
q_ind_221_pop_4,0.406927,0.413900,0.301413,0.439496
q_ind_0_pop_5,0.088287,0.088084,0.064493,0.114327
q_ind_1_pop_5,0.064127,0.064019,0.037431,0.091406
q_ind_2_pop_5,0.006683,0.003816,0.000000,0.027004
q_ind_3_pop_5,0.003241,0.001014,0.000000,0.018584
q_ind_4_pop_5,0.178915,0.179177,0.150649,0.206084
q_ind_5_pop_5,0.026737,0.026648,0.001952,0.051407
q_ind_6_pop_5,0.029489,0.029887,0.001048,0.056897
q_ind_7_pop_5,0.008099,0.004201,0.000001,0.032484
q_ind_8_pop_5,0.006999,0.002457,0.000000,0.032409
q_ind_9_pop_5,0.003615,0.000948,0.000000,0.020788
q_ind_10_pop_5,0.003391,0.001251,0.000000,0.017096
q_ind_11_pop_5,0.007108,0.002746,0.000000,0.031571
q_ind_12_pop_5,0.178754,0.176396,0.145231,0.227385
q_ind_13_pop_5,0.167953,0.167307,0.133147,0.209484
q_ind_14_pop_5,0.167744,0.166789,0.131788,0.213259
q_ind_15_pop_5,0.176295,0.176147,0.144329,0.209114
q_ind_16_pop_5,0.169504,0.167457,0.138500,0.216371
q_ind_17_pop_5,0.145397,0.145531,0.109448,0.179679
q_ind_18_pop_5,0.177230,0.176898,0.142894,0.213953
q_ind_19_pop_5,0.157086,0.155476,0.128250,0.200762
q_ind_20_pop_5,0.485552,0.484373,0.451172,0.529350
q_ind_21_pop_5,0.515686,0.514000,0.484247,0.560389
q_ind_22_pop_5,0.488507,0.485357,0.456137,0.548733
q_ind_23_pop_5,0.454010,0.452509,0.414926,0.502592
q_ind_24_pop_5,0.468683,0.467297,0.437202,0.513295
q_ind_25_pop_5,0.526074,0.524841,0.495272,0.564133
q_ind_26_pop_5,0.478754,0.477983,0.446932,0.515270
q_ind_27_pop_5,0.497008,0.494849,0.464584,0.552343
q_ind_28_pop_5,0.499664,0.499342,0.468305,0.534107
q_ind_29_pop_5,0.500815,0.499411,0.465561,0.545795
q_ind_30_pop_5,0.004040,0.001280,0.000000,0.022266
q_ind_31_pop_5,0.003641,0.001225,0.000000,0.019553
q_ind_32_pop_5,0.022516,0.021307,0.000012,0.057479
q_ind_33_pop_5,0.001997,0.000576,0.000000,0.011973
q_ind_34_pop_5,0.006080,0.001972,0.000000,0.032385
q_ind_35_pop_5,0.001248,0.000328,0.000000,0.007823
q_ind_36_pop_5,0.008125,0.003028,0.000000,0.038849
q_ind_37_pop_5,0.003428,0.001140,0.000000,0.018848
q_ind_38_pop_5,0.122637,0.122081,0.092519,0.155825
q_ind_39_pop_5,0.028604,0.027646,0.000052,0.064423
q_ind_40_pop_5,0.083888,0.083566,0.053312,0.114207
q_ind_41_pop_5,0.001252,0.000355,0.000000,0.007668
q_ind_42_pop_5,0.000978,0.000283,0.000000,0.005942
q_ind_43_pop_5,0.000696,0.000176,0.000000,0.004315
q_ind_44_pop_5,0.000984,0.000200,0.000000,0.006721
q_ind_45_pop_5,0.001204,0.000333,0.000000,0.006941
q_ind_46_pop_5,0.001081,0.000266,0.000000,0.007105
q_ind_47_pop_5,0.001461,0.000254,0.000000,0.011133
q_ind_48_pop_5,0.038699,0.033536,0.011196,0.102636
q_ind_49_pop_5,0.044430,0.040300,0.017319,0.109590
q_ind_50_pop_5,0.013430,0.005643,0.000000,0.073833
q_ind_51_pop_5,0.034804,0.033038,0.005705,0.072775
q_ind_52_pop_5,0.022088,0.019595,0.000075,0.074964
q_ind_53_pop_5,0.014020,0.006912,0.000000,0.073706
q_ind_54_pop_5,0.113730,0.110727,0.078198,0.169454
q_ind_55_pop_5,0.010875,0.003078,0.000000,0.065772
q_ind_56_pop_5,0.032800,0.030267,0.000724,0.082814
q_ind_57_pop_5,0.037597,0.034863,0.005176,0.090156
q_ind_58_pop_5,0.017736,0.010608,0.000001,0.099730
q_ind_59_pop_5,0.010459,0.005983,0.000001,0.046706
q_ind_60_pop_5,0.079126,0.078972,0.054737,0.104802
q_ind_61_pop_5,0.070405,0.069715,0.041606,0.101681
q_ind_62_pop_5,0.068264,0.067791,0.042106,0.097677
q_ind_63_pop_5,0.062725,0.062480,0.036289,0.091022
q_ind_64_pop_5,0.075155,0.074093,0.048575,0.109373
q_ind_65_pop_5,0.045357,0.045192,0.019304,0.070525
q_ind_66_pop_5,0.094619,0.094331,0.067346,0.124954
q_ind_67_pop_5,0.119361,0.118878,0.087948,0.151526
q_ind_68_pop_5,0.043312,0.043377,0.005975,0.075507
q_ind_69_pop_5,0.428738,0.428597,0.392592,0.468835
q_ind_70_pop_5,0.428036,0.427584,0.394206,0.465025
q_ind_71_pop_5,0.423861,0.422656,0.390162,0.465258
q_ind_72_pop_5,0.436740,0.436699,0.403643,0.470528
q_ind_73_pop_5,0.435499,0.434344,0.400851,0.474477
q_ind_74_pop_5,0.404848,0.404077,0.367657,0.448763
q_ind_75_pop_5,0.424052,0.423623,0.389623,0.461653
q_ind_76_pop_5,0.402230,0.402462,0.367002,0.435600
q_ind_77_pop_5,0.452449,0.452136,0.418080,0.487803
q_ind_78_pop_5,0.400699,0.399737,0.366479,0.443356
q_ind_79_pop_5,0.425345,0.425638,0.387525,0.461523
q_ind_80_pop_5,0.089069,0.088986,0.056631,0.122099
q_ind_81_pop_5,0.082673,0.082545,0.051766,0.114840
q_ind_82_pop_5,0.078699,0.078090,0.042874,0.118369
q_ind_83_pop_5,0.088927,0.088747,0.055866,0.123856
q_ind_84_pop_5,0.100967,0.100867,0.067489,0.134963
q_ind_85_pop_5,0.072658,0.072610,0.035336,0.111884
q_ind_86_pop_5,0.143556,0.143065,0.108319,0.181579
q_ind_87_pop_5,0.063040,0.063309,0.019615,0.104480
q_ind_88_pop_5,0.001917,0.000536,0.000000,0.012626
q_ind_89_pop_5,0.000827,0.000209,0.000000,0.005197
q_ind_90_pop_5,0.233293,0.229308,0.195903,0.306803
q_ind_91_pop_5,0.161868,0.161033,0.136485,0.195399
q_ind_92_pop_5,0.000548,0.000127,0.000000,0.003706
q_ind_93_pop_5,0.000490,0.000125,0.000000,0.003201
q_ind_94_pop_5,0.000730,0.000191,0.000000,0.004446
q_ind_95_pop_5,0.000358,0.000091,0.000000,0.002269
q_ind_96_pop_5,0.172002,0.170509,0.137463,0.224653
q_ind_97_pop_5,0.019093,0.017913,0.000239,0.045381
q_ind_98_pop_5,0.123909,0.123192,0.088586,0.165122
q_ind_99_pop_5,0.136416,0.135134,0.096279,0.183181
q_ind_100_pop_5,0.089677,0.087763,0.046664,0.144100
q_ind_101_pop_5,0.130338,0.129846,0.098266,0.165476
q_ind_102_pop_5,0.102863,0.101950,0.069084,0.141070
q_ind_103_pop_5,0.155511,0.154190,0.112538,0.206012
q_ind_104_pop_5,0.137856,0.136564,0.090838,0.194469
q_ind_105_pop_5,0.123214,0.122681,0.078912,0.169862
q_ind_106_pop_5,0.001442,0.000313,0.000000,0.010130
q_ind_107_pop_5,0.001660,0.000408,0.000000,0.010714
q_ind_108_pop_5,0.000926,0.000237,0.000000,0.005826
q_ind_109_pop_5,0.002321,0.000393,0.000000,0.016690
q_ind_110_pop_5,0.000517,0.000127,0.000000,0.003255
q_ind_111_pop_5,0.000881,0.000259,0.000000,0.005182
q_ind_112_pop_5,0.000736,0.000199,0.000000,0.004493
q_ind_113_pop_5,0.003384,0.000555,0.000000,0.032151
q_ind_114_pop_5,0.017021,0.013851,0.000004,0.052213
q_ind_115_pop_5,0.402188,0.401902,0.368106,0.437473
q_ind_116_pop_5,0.377116,0.376529,0.340439,0.416951
q_ind_117_pop_5,0.408081,0.407342,0.372921,0.447362
q_ind_118_pop_5,0.387273,0.386913,0.352436,0.426603
q_ind_119_pop_5,0.416969,0.415617,0.380876,0.460724
q_ind_120_pop_5,0.383020,0.382392,0.346830,0.420341
q_ind_121_pop_5,0.338894,0.337789,0.304812,0.383314
q_ind_122_pop_5,0.320024,0.319785,0.295242,0.346125
q_ind_123_pop_5,0.489715,0.487353,0.452434,0.538729
q_ind_124_pop_5,0.482049,0.480609,0.448465,0.525218
q_ind_125_pop_5,0.494521,0.493310,0.460279,0.533777
q_ind_126_pop_5,0.461624,0.460814,0.423395,0.509418
q_ind_127_pop_5,0.454649,0.454118,0.420680,0.492759
q_ind_128_pop_5,0.399772,0.399917,0.371500,0.428188
q_ind_129_pop_5,0.456337,0.455075,0.419339,0.499654
q_ind_130_pop_5,0.450998,0.448345,0.413058,0.506855
q_ind_131_pop_5,0.444916,0.443587,0.410465,0.487180
q_ind_132_pop_5,0.338416,0.336116,0.308846,0.388639
q_ind_133_pop_5,0.443178,0.442215,0.407300,0.483512
q_ind_134_pop_5,0.462255,0.461071,0.427566,0.503957
q_ind_135_pop_5,0.006505,0.002364,0.000000,0.028893
q_ind_136_pop_5,0.000997,0.000245,0.000000,0.006350
q_ind_137_pop_5,0.001634,0.000410,0.000000,0.010806
q_ind_138_pop_5,0.040606,0.041680,0.000927,0.068997
q_ind_139_pop_5,0.002031,0.000518,0.000000,0.011419
q_ind_140_pop_5,0.000597,0.000146,0.000000,0.003889
q_ind_141_pop_5,0.002501,0.000655,0.000000,0.015663
q_ind_142_pop_5,0.003767,0.001166,0.000000,0.020288
q_ind_143_pop_5,0.002387,0.000670,0.000000,0.014167
q_ind_144_pop_5,0.202926,0.202947,0.165315,0.240385
q_ind_145_pop_5,0.194614,0.194800,0.157754,0.231617
q_ind_146_pop_5,0.198096,0.197373,0.164293,0.236795
q_ind_147_pop_5,0.372370,0.367322,0.334270,0.441640
q_ind_148_pop_5,0.326505,0.326118,0.297043,0.356786
q_ind_149_pop_5,0.475459,0.473503,0.443946,0.525904
q_ind_150_pop_5,0.495320,0.493119,0.460655,0.546269
q_ind_151_pop_5,0.518913,0.516248,0.484840,0.571412
q_ind_152_pop_5,0.497564,0.496569,0.462927,0.538198
q_ind_153_pop_5,0.505032,0.503966,0.474917,0.543080
q_ind_154_pop_5,0.396304,0.394846,0.364567,0.437131
q_ind_155_pop_5,0.254454,0.253814,0.220536,0.294754
q_ind_156_pop_5,0.270656,0.269809,0.232742,0.311784
q_ind_157_pop_5,0.310482,0.310567,0.272718,0.348470
q_ind_158_pop_5,0.307945,0.307569,0.276345,0.341363
q_ind_159_pop_5,0.260081,0.259143,0.224285,0.303244
q_ind_160_pop_5,0.280883,0.280505,0.243819,0.318837
q_ind_161_pop_5,0.292432,0.292480,0.256457,0.329008
q_ind_162_pop_5,0.300423,0.300515,0.265330,0.335025
q_ind_163_pop_5,0.313990,0.313378,0.279820,0.352512
q_ind_164_pop_5,0.199845,0.197852,0.166434,0.249348
q_ind_165_pop_5,0.194277,0.191110,0.162571,0.262420
q_ind_166_pop_5,0.195412,0.193925,0.164607,0.247241
q_ind_167_pop_5,0.187411,0.185482,0.147607,0.242813
q_ind_168_pop_5,0.202557,0.200453,0.163856,0.252354
q_ind_169_pop_5,0.207738,0.201283,0.165917,0.298488
q_ind_170_pop_5,0.002267,0.000569,0.000000,0.014304
q_ind_171_pop_5,0.004108,0.001350,0.000000,0.021780
q_ind_172_pop_5,0.000232,0.000055,0.000000,0.001490
q_ind_173_pop_5,0.000874,0.000236,0.000000,0.005338
q_ind_174_pop_5,0.000344,0.000097,0.000000,0.002082
q_ind_175_pop_5,0.000288,0.000071,0.000000,0.001782
q_ind_176_pop_5,0.001733,0.000451,0.000000,0.010266
q_ind_177_pop_5,0.055693,0.056017,0.013760,0.091217
q_ind_178_pop_5,0.000931,0.000251,0.000000,0.005532
q_ind_179_pop_5,0.004420,0.001707,0.000000,0.022623
q_ind_180_pop_5,0.010600,0.006576,0.000001,0.039448
q_ind_181_pop_5,0.003592,0.001304,0.000000,0.019198
q_ind_182_pop_5,0.001819,0.000630,0.000000,0.009632
q_ind_183_pop_5,0.009828,0.007364,0.000001,0.033374
q_ind_184_pop_5,0.120639,0.120590,0.093048,0.149268
q_ind_185_pop_5,0.005338,0.001657,0.000000,0.027249
q_ind_186_pop_5,0.002135,0.000653,0.000000,0.012314
q_ind_187_pop_5,0.003436,0.000898,0.000000,0.020140
q_ind_188_pop_5,0.092061,0.089895,0.057507,0.139700
q_ind_189_pop_5,0.380559,0.379391,0.343232,0.427360
q_ind_190_pop_5,0.404604,0.402334,0.364123,0.454396
q_ind_191_pop_5,0.405372,0.405318,0.374246,0.437452
q_ind_192_pop_5,0.385042,0.383058,0.344835,0.438800
q_ind_193_pop_5,0.431425,0.429863,0.395431,0.474002
q_ind_194_pop_5,0.408676,0.407558,0.371066,0.448387
q_ind_195_pop_5,0.397771,0.397013,0.361282,0.440561
q_ind_196_pop_5,0.438515,0.438675,0.402535,0.474287
q_ind_197_pop_5,0.354093,0.352885,0.321193,0.391820
q_ind_198_pop_5,0.385124,0.384524,0.345256,0.426909
q_ind_199_pop_5,0.052169,0.051775,0.025991,0.081845
q_ind_200_pop_5,0.161182,0.160253,0.126666,0.199957
q_ind_201_pop_5,0.004284,0.001650,0.000000,0.021074
q_ind_202_pop_5,0.066989,0.066507,0.035031,0.101162
q_ind_203_pop_5,0.005668,0.002027,0.000000,0.028000
q_ind_204_pop_5,0.003141,0.001126,0.000000,0.017144
q_ind_205_pop_5,0.002798,0.000655,0.000000,0.018012
q_ind_206_pop_5,0.008996,0.005696,0.000001,0.032869
q_ind_207_pop_5,0.012525,0.007501,0.000001,0.045570
q_ind_208_pop_5,0.017423,0.013492,0.000001,0.060476
q_ind_209_pop_5,0.009968,0.005057,0.000001,0.043575
q_ind_210_pop_5,0.001408,0.000351,0.000000,0.009395
q_ind_211_pop_5,0.006580,0.002048,0.000000,0.033971
q_ind_212_pop_5,0.002471,0.000792,0.000000,0.013515
q_ind_213_pop_5,0.000862,0.000237,0.000000,0.005346
q_ind_214_pop_5,0.002221,0.000742,0.000000,0.012559
q_ind_215_pop_5,0.000996,0.000227,0.000000,0.007008
q_ind_216_pop_5,0.006739,0.002488,0.000000,0.031570
q_ind_217_pop_5,0.044081,0.043994,0.017604,0.070035
q_ind_218_pop_5,0.008722,0.004993,0.000001,0.034682
q_ind_219_pop_5,0.015101,0.013152,0.000006,0.042398
q_ind_220_pop_5,0.003954,0.001151,0.000000,0.021341
q_ind_221_pop_5,0.022301,0.021987,0.000028,0.052671
