param,mean,median,ci_0.950_LB,ci_0.950_UB
q_ind_0_pop_0,0.001313,0.000189,0.000000,0.009277
q_ind_1_pop_0,0.001104,0.000169,0.000000,0.007890
q_ind_2_pop_0,0.002232,0.000504,0.000000,0.013505
q_ind_3_pop_0,0.001542,0.000313,0.000000,0.009781
q_ind_4_pop_0,0.001331,0.000204,0.000000,0.009934
q_ind_5_pop_0,0.001093,0.000230,0.000000,0.006595
q_ind_6_pop_0,0.002605,0.000517,0.000000,0.016017
q_ind_7_pop_0,0.003751,0.000826,0.000000,0.020108
q_ind_8_pop_0,0.001025,0.000177,0.000000,0.007021
q_ind_9_pop_0,0.000748,0.000123,0.000000,0.005105
q_ind_10_pop_0,0.002267,0.000479,0.000000,0.014180
q_ind_11_pop_0,0.001135,0.000189,0.000000,0.007716
q_ind_12_pop_0,0.055013,0.058856,0.000129,0.097231
q_ind_13_pop_0,0.084135,0.084685,0.031598,0.139337
q_ind_14_pop_0,0.055750,0.059128,0.000217,0.104374
q_ind_15_pop_0,0.070335,0.069800,0.031845,0.110858
q_ind_16_pop_0,0.092613,0.092053,0.047190,0.138149
q_ind_17_pop_0,0.058567,0.058647,0.002608,0.105173
q_ind_18_pop_0,0.081867,0.083834,0.008036,0.131722
q_ind_19_pop_0,0.078035,0.078407,0.036260,0.118957
q_ind_20_pop_0,0.002298,0.000426,0.000000,0.014648
q_ind_21_pop_0,0.004339,0.001246,0.000000,0.021462
q_ind_22_pop_0,0.002096,0.000446,0.000000,0.013141
q_ind_23_pop_0,0.003020,0.000509,0.000000,0.020522
q_ind_24_pop_0,0.006552,0.001948,0.000000,0.034195
q_ind_25_pop_0,0.002844,0.000644,0.000000,0.016941
q_ind_26_pop_0,0.010230,0.005710,0.000000,0.043475
q_ind_27_pop_0,0.002962,0.000677,0.000000,0.018627
q_ind_28_pop_0,0.003510,0.001059,0.000000,0.019651
q_ind_29_pop_0,0.005805,0.002150,0.000000,0.027512
q_ind_30_pop_0,0.001783,0.000352,0.000000,0.011033
q_ind_31_pop_0,0.003211,0.000785,0.000000,0.018718
q_ind_32_pop_0,0.005956,0.002597,0.000000,0.026696
q_ind_33_pop_0,0.001710,0.000337,0.000000,0.011294
q_ind_34_pop_0,0.003970,0.000809,0.000000,0.026349
q_ind_35_pop_0,0.000830,0.000120,0.000000,0.005844
q_ind_36_pop_0,0.002299,0.000505,0.000000,0.013714
q_ind_37_pop_0,0.001210,0.000232,0.000000,0.007961
q_ind_38_pop_0,0.068846,0.067833,0.039210,0.104996
q_ind_39_pop_0,0.049936,0.049659,0.015927,0.084888
q_ind_40_pop_0,0.001331,0.000232,0.000000,0.009653
q_ind_41_pop_0,0.569672,0.569182,0.507586,0.637104
q_ind_42_pop_0,0.571654,0.568992,0.504194,0.655220
q_ind_43_pop_0,0.577550,0.576437,0.503741,0.657984
q_ind_44_pop_0,0.596581,0.595039,0.528252,0.668360
q_ind_45_pop_0,0.561777,0.561311,0.488306,0.639156
q_ind_46_pop_0,0.550248,0.549308,0.489176,0.623818
q_ind_47_pop_0,0.575556,0.572543,0.510452,0.655486
q_ind_48_pop_0,0.239987,0.238420,0.178617,0.308396
q_ind_49_pop_0,0.221103,0.220663,0.159066,0.297130
q_ind_50_pop_0,0.212365,0.211295,0.150954,0.284999
q_ind_51_pop_0,0.229322,0.227705,0.170988,0.301115
q_ind_52_pop_0,0.248627,0.247947,0.181679,0.326678
q_ind_53_pop_0,0.252338,0.252621,0.190699,0.320293
q_ind_54_pop_0,0.194095,0.195038,0.147102,0.238586
q_ind_55_pop_0,0.249743,0.248657,0.191560,0.321700
q_ind_56_pop_0,0.202736,0.202164,0.150374,0.261717
q_ind_57_pop_0,0.247062,0.247188,0.187711,0.316157
q_ind_58_pop_0,0.205675,0.207202,0.138159,0.270697
q_ind_59_pop_0,0.218084,0.219140,0.158241,0.273200
q_ind_60_pop_0,0.710885,0.710237,0.650035,0.781859
q_ind_61_pop_0,0.535895,0.533344,0.475465,0.610337
q_ind_62_pop_0,0.524076,0.520585,0.462697,0.606445
q_ind_63_pop_0,0.689281,0.686961,0.630787,0.763037
q_ind_64_pop_0,0.664324,0.662163,0.605507,0.742767
q_ind_65_pop_0,0.705696,0.703058,0.645617,0.779514
q_ind_66_pop_0,0.497644,0.496574,0.442253,0.557730
q_ind_67_pop_0,0.391598,0.389755,0.341733,0.451309
q_ind_68_pop_0,0.734639,0.733730,0.675249,0.803761
q_ind_69_pop_0,0.001468,0.000247,0.000000,0.010715
q_ind_70_pop_0,0.000774,0.000108,0.000000,0.005425
q_ind_71_pop_0,0.001234,0.000199,0.000000,0.008600
q_ind_72_pop_0,0.001078,0.000151,0.000000,0.008100
q_ind_73_pop_0,0.002171,0.000462,0.000000,0.012518
q_ind_74_pop_0,0.001519,0.000298,0.000000,0.010332
q_ind_75_pop_0,0.003806,0.001142,0.000000,0.020641
q_ind_76_pop_0,0.001164,0.000198,0.000000,0.007947
q_ind_77_pop_0,0.001012,0.000172,0.000000,0.006633
q_ind_78_pop_0,0.002532,0.000426,0.000000,0.016571
q_ind_79_pop_0,0.000976,0.000169,0.000000,0.006845
q_ind_80_pop_0,0.005103,0.001219,0.000000,0.030899
q_ind_81_pop_0,0.001837,0.000340,0.000000,0.012327
q_ind_82_pop_0,0.004107,0.000579,0.000000,0.030033
q_ind_83_pop_0,0.007106,0.002339,0.000000,0.042265
q_ind_84_pop_0,0.003902,0.000784,0.000000,0.024653
q_ind_85_pop_0,0.008147,0.004605,0.000000,0.033936
q_ind_86_pop_0,0.095226,0.094636,0.061901,0.132714
q_ind_87_pop_0,0.008922,0.003556,0.000000,0.043346
q_ind_88_pop_0,0.004775,0.002024,0.000000,0.023570
q_ind_89_pop_0,0.008028,0.004073,0.000000,0.031234
q_ind_90_pop_0,0.048141,0.048169,0.008642,0.082628
q_ind_91_pop_0,0.001230,0.000155,0.000000,0.008855
q_ind_92_pop_0,0.001252,0.000223,0.000000,0.008617
q_ind_93_pop_0,0.000720,0.000107,0.000000,0.005206
q_ind_94_pop_0,0.007264,0.004143,0.000000,0.026054
q_ind_95_pop_0,0.001052,0.000144,0.000000,0.007862
q_ind_96_pop_0,0.066284,0.066212,0.038118,0.096311
q_ind_97_pop_0,0.010168,0.004153,0.000000,0.046618
q_ind_98_pop_0,0.297754,0.297305,0.250091,0.347954
q_ind_99_pop_0,0.278380,0.278626,0.231048,0.325304
q_ind_100_pop_0,0.320843,0.320620,0.264641,0.380434
q_ind_101_pop_0,0.294423,0.293875,0.250391,0.342019
q_ind_102_pop_0,0.318271,0.317730,0.272122,0.368174
q_ind_103_pop_0,0.177931,0.178114,0.118898,0.230885
q_ind_104_pop_0,0.246608,0.245942,0.194111,0.302549
q_ind_105_pop_0,0.294765,0.294340,0.231712,0.357849
q_ind_106_pop_0,0.034770,0.033857,0.000095,0.076089
q_ind_107_pop_0,0.007981,0.003654,0.000000,0.035348
q_ind_108_pop_0,0.002618,0.000421,0.000000,0.017593
q_ind_109_pop_0,0.024288,0.021519,0.000004,0.060947
q_ind_110_pop_0,0.002228,0.000437,0.000000,0.014632
q_ind_111_pop_0,0.004309,0.000807,0.000000,0.027881
q_ind_112_pop_0,0.007159,0.002245,0.000000,0.037509
q_ind_113_pop_0,0.007142,0.002545,0.000000,0.033084
q_ind_114_pop_0,0.057490,0.061811,0.000011,0.102532
q_ind_115_pop_0,0.001861,0.000355,0.000000,0.011991
q_ind_116_pop_0,0.013596,0.011381,0.000000,0.041672
q_ind_117_pop_0,0.001393,0.000265,0.000000,0.009283
q_ind_118_pop_0,0.003497,0.000853,0.000000,0.020241
q_ind_119_pop_0,0.002702,0.000566,0.000000,0.016790
q_ind_120_pop_0,0.002899,0.000655,0.000000,0.016951
q_ind_121_pop_0,0.002876,0.000575,0.000000,0.019434
q_ind_122_pop_0,0.003721,0.000619,0.000000,0.022595
q_ind_123_pop_0,0.028707,0.026704,0.000025,0.069263
q_ind_124_pop_0,0.038654,0.038416,0.006643,0.072129
q_ind_125_pop_0,0.034225,0.033314,0.002409,0.070861
q_ind_126_pop_0,0.030529,0.029156,0.000002,0.077481
q_ind_127_pop_0,0.050982,0.049609,0.021547,0.088055
q_ind_128_pop_0,0.079030,0.078299,0.047482,0.114447
q_ind_129_pop_0,0.072363,0.072261,0.038344,0.107276
q_ind_130_pop_0,0.026803,0.026755,0.000018,0.060033
q_ind_131_pop_0,0.048225,0.048029,0.014350,0.083706
q_ind_132_pop_0,0.103160,0.102204,0.073630,0.138269
q_ind_133_pop_0,0.061948,0.061269,0.031237,0.095967
q_ind_134_pop_0,0.055160,0.055248,0.019773,0.090155
q_ind_135_pop_0,0.000667,0.000107,0.000000,0.004519
q_ind_136_pop_0,0.001560,0.000314,0.000000,0.009578
q_ind_137_pop_0,0.000701,0.000124,0.000000,0.004612
q_ind_138_pop_0,0.000727,0.000115,0.000000,0.004803
q_ind_139_pop_0,0.000752,0.000115,0.000000,0.005236
q_ind_140_pop_0,0.000946,0.000171,0.000000,0.006328
q_ind_141_pop_0,0.001762,0.000382,0.000000,0.010597
q_ind_142_pop_0,0.000486,0.000068,0.000000,0.003640
q_ind_143_pop_0,0.001318,0.000227,0.000000,0.009170
q_ind_144_pop_0,0.053774,0.053727,0.016314,0.093389
q_ind_145_pop_0,0.067987,0.069743,0.020048,0.111796
q_ind_146_pop_0,0.057601,0.055783,0.019195,0.103299
q_ind_147_pop_0,0.179981,0.178947,0.143929,0.222581
q_ind_148_pop_0,0.040414,0.040293,0.007275,0.069466
q_ind_149_pop_0,0.006710,0.001799,0.000000,0.037402
q_ind_150_pop_0,0.002652,0.000472,0.000000,0.016523
q_ind_151_pop_0,0.020878,0.019458,0.000001,0.053749
q_ind_152_pop_0,0.019177,0.016728,0.000000,0.056638
q_ind_153_pop_0,0.002436,0.000480,0.000000,0.015620
q_ind_154_pop_0,0.127526,0.126180,0.086989,0.182028
q_ind_155_pop_0,0.029917,0.029255,0.008193,0.055515
q_ind_156_pop_0,0.001283,0.000183,0.000000,0.008916
q_ind_157_pop_0,0.000674,0.000113,0.000000,0.004755
q_ind_158_pop_0,0.000703,0.000114,0.000000,0.004965
q_ind_159_pop_0,0.000653,0.000111,0.000000,0.004459
q_ind_160_pop_0,0.010293,0.006278,0.000000,0.039917
q_ind_161_pop_0,0.000752,0.000134,0.000000,0.004906
q_ind_162_pop_0,0.000835,0.000139,0.000000,0.005990
q_ind_163_pop_0,0.014295,0.011629,0.000003,0.047656
q_ind_164_pop_0,0.433835,0.433291,0.382833,0.488468
q_ind_165_pop_0,0.453342,0.453671,0.404486,0.503448
q_ind_166_pop_0,0.475011,0.473657,0.422565,0.532937
q_ind_167_pop_0,0.484418,0.483936,0.431471,0.540679
q_ind_168_pop_0,0.366222,0.365208,0.318307,0.422244
q_ind_169_pop_0,0.443807,0.443977,0.387731,0.499240
q_ind_170_pop_0,0.002976,0.000354,0.000000,0.020969
q_ind_171_pop_0,0.005065,0.001069,0.000000,0.025616
q_ind_172_pop_0,0.000494,0.000080,0.000000,0.003466
q_ind_173_pop_0,0.002459,0.000352,0.000000,0.017224
q_ind_174_pop_0,0.001103,0.000179,0.000000,0.007927
q_ind_175_pop_0,0.000874,0.000149,0.000000,0.006008
q_ind_176_pop_0,0.002037,0.000281,0.000000,0.015267
q_ind_177_pop_0,0.318645,0.317706,0.274299,0.369038
q_ind_178_pop_0,0.001810,0.000286,0.000000,0.012992
q_ind_179_pop_0,0.003338,0.000614,0.000000,0.021750
q_ind_180_pop_0,0.001580,0.000258,0.000000,0.011040
q_ind_181_pop_0,0.002689,0.000658,0.000000,0.016297
q_ind_182_pop_0,0.003118,0.000589,0.000000,0.020090
q_ind_183_pop_0,0.001666,0.000280,0.000000,0.010963
q_ind_184_pop_0,0.099620,0.098681,0.064381,0.138535
q_ind_185_pop_0,0.001857,0.000441,0.000000,0.011416
q_ind_186_pop_0,0.132207,0.131623,0.100035,0.165714
q_ind_187_pop_0,0.006504,0.003396,0.000000,0.026413
q_ind_188_pop_0,0.128480,0.127593,0.091459,0.169117
q_ind_189_pop_0,0.058990,0.058539,0.013424,0.107019
q_ind_190_pop_0,0.041959,0.039557,0.006449,0.086983
q_ind_191_pop_0,0.050893,0.052533,0.000500,0.098958
q_ind_192_pop_0,0.071078,0.072583,0.025175,0.113638
q_ind_193_pop_0,0.064591,0.064880,0.023107,0.105275
q_ind_194_pop_0,0.038795,0.039647,0.000054,0.081610
q_ind_195_pop_0,0.064160,0.063880,0.027048,0.104825
q_ind_196_pop_0,0.017449,0.010463,0.000000,0.067843
q_ind_197_pop_0,0.059643,0.056916,0.021991,0.111237
q_ind_198_pop_0,0.051410,0.051178,0.014035,0.094676
q_ind_199_pop_0,0.199749,0.199519,0.162048,0.238602
q_ind_200_pop_0,0.089421,0.088838,0.062596,0.119335
q_ind_201_pop_0,0.247371,0.247355,0.203550,0.294994
q_ind_202_pop_0,0.201185,0.200305,0.162522,0.242538
q_ind_203_pop_0,0.250638,0.251055,0.198599,0.301014
q_ind_204_pop_0,0.237748,0.237134,0.196976,0.280396
q_ind_205_pop_0,0.230320,0.229994,0.184385,0.279980
q_ind_206_pop_0,0.216207,0.215893,0.173719,0.262183
q_ind_207_pop_0,0.172791,0.171283,0.134648,0.218347
q_ind_208_pop_0,0.223116,0.223076,0.175357,0.270542
q_ind_209_pop_0,0.205047,0.204641,0.164750,0.247356
q_ind_210_pop_0,0.817206,0.813467,0.748798,0.913269
q_ind_211_pop_0,0.766283,0.761686,0.704430,0.877192
q_ind_212_pop_0,0.791829,0.786116,0.727675,0.903633
q_ind_213_pop_0,0.800262,0.795474,0.725039,0.931896
q_ind_214_pop_0,0.743379,0.741214,0.668826,0.845761
q_ind_215_pop_0,0.797871,0.794377,0.730715,0.899524
q_ind_216_pop_0,0.647252,0.643376,0.578334,0.752776
q_ind_217_pop_0,0.677775,0.674220,0.613838,0.771522
q_ind_218_pop_0,0.751978,0.748291,0.689221,0.847247
q_ind_219_pop_0,0.571954,0.566561,0.505824,0.677642
q_ind_220_pop_0,0.806023,0.800818,0.737666,0.904813
q_ind_221_pop_0,0.573976,0.572984,0.504167,0.650503
q_ind_0_pop_1,0.053070,0.053069,0.028517,0.077941
q_ind_1_pop_1,0.031090,0.030957,0.000012,0.071964
q_ind_2_pop_1,0.027897,0.025012,0.000000,0.077190
q_ind_3_pop_1,0.007688,0.003124,0.000000,0.033724
q_ind_4_pop_1,0.128624,0.123617,0.089195,0.192779
q_ind_5_pop_1,0.010951,0.006465,0.000000,0.040437
q_ind_6_pop_1,0.026010,0.024831,0.000001,0.066415
q_ind_7_pop_1,0.012897,0.007447,0.000000,0.049506
q_ind_8_pop_1,0.021446,0.018028,0.000000,0.070440
q_ind_9_pop_1,0.004967,0.000679,0.000000,0.032910
q_ind_10_pop_1,0.011090,0.003860,0.000000,0.047753
q_ind_11_pop_1,0.008990,0.002584,0.000000,0.046456
q_ind_12_pop_1,0.110653,0.101378,0.052883,0.219510
q_ind_13_pop_1,0.086488,0.083958,0.000409,0.204568
q_ind_14_pop_1,0.073192,0.066745,0.000552,0.170206
q_ind_15_pop_1,0.090013,0.083312,0.032893,0.182244
q_ind_16_pop_1,0.103088,0.097831,0.050274,0.191386
q_ind_17_pop_1,0.062634,0.056543,0.004838,0.150525
q_ind_18_pop_1,0.074020,0.069956,0.026780,0.150944
q_ind_19_pop_1,0.112969,0.108068,0.067394,0.184090
q_ind_20_pop_1,0.544068,0.537320,0.477452,0.648071
q_ind_21_pop_1,0.520147,0.513397,0.458045,0.621257
q_ind_22_pop_1,0.531823,0.527775,0.469602,0.620221
q_ind_23_pop_1,0.406465,0.400589,0.344327,0.517438
q_ind_24_pop_1,0.488023,0.482719,0.423740,0.587409
q_ind_25_pop_1,0.564217,0.558572,0.501917,0.663787
q_ind_26_pop_1,0.535738,0.532319,0.471098,0.619233
q_ind_27_pop_1,0.529851,0.523003,0.467583,0.627815
q_ind_28_pop_1,0.536052,0.530468,0.464642,0.643507
q_ind_29_pop_1,0.509933,0.505235,0.444727,0.605158
q_ind_30_pop_1,0.005503,0.002367,0.000000,0.025414
q_ind_31_pop_1,0.014953,0.011920,0.000000,0.048895
q_ind_32_pop_1,0.014687,0.010491,0.000000,0.047526
q_ind_33_pop_1,0.002590,0.000381,0.000000,0.018101
q_ind_34_pop_1,0.004013,0.000836,0.000000,0.025153
q_ind_35_pop_1,0.000637,0.000096,0.000000,0.004323
q_ind_36_pop_1,0.002002,0.000438,0.000000,0.011980
q_ind_37_pop_1,0.002539,0.000465,0.000000,0.016658
q_ind_38_pop_1,0.061949,0.061935,0.009292,0.113257
q_ind_39_pop_1,0.025042,0.022498,0.000002,0.067522
q_ind_40_pop_1,0.070814,0.068604,0.023428,0.124175
q_ind_41_pop_1,0.001245,0.000203,0.000000,0.009302
q_ind_42_pop_1,0.001302,0.000221,0.000000,0.008995
q_ind_43_pop_1,0.001907,0.000339,0.000000,0.012655
q_ind_44_pop_1,0.001085,0.000185,0.000000,0.007504
q_ind_45_pop_1,0.001183,0.000204,0.000000,0.008363
q_ind_46_pop_1,0.001351,0.000199,0.000000,0.010368
q_ind_47_pop_1,0.001090,0.000210,0.000000,0.007519
q_ind_48_pop_1,0.001574,0.000250,0.000000,0.011971
q_ind_49_pop_1,0.000943,0.000144,0.000000,0.006743
q_ind_50_pop_1,0.000824,0.000127,0.000000,0.005978
q_ind_51_pop_1,0.001615,0.000160,0.000000,0.013378
q_ind_52_pop_1,0.001122,0.000127,0.000000,0.009454
q_ind_53_pop_1,0.003009,0.000348,0.000000,0.024590
q_ind_54_pop_1,0.047470,0.048053,0.000144,0.091707
q_ind_55_pop_1,0.000746,0.000107,0.000000,0.005452
q_ind_56_pop_1,0.002808,0.000320,0.000000,0.022809
q_ind_57_pop_1,0.001926,0.000236,0.000000,0.016343
q_ind_58_pop_1,0.001238,0.000177,0.000000,0.008601
q_ind_59_pop_1,0.001418,0.000208,0.000000,0.010107
q_ind_60_pop_1,0.053800,0.054187,0.000041,0.116594
q_ind_61_pop_1,0.030142,0.010459,0.000000,0.106866
q_ind_62_pop_1,0.081383,0.081950,0.028823,0.139619
q_ind_63_pop_1,0.065381,0.060266,0.015905,0.141259
q_ind_64_pop_1,0.056019,0.053890,0.013326,0.107371
q_ind_65_pop_1,0.067175,0.068600,0.009682,0.118545
q_ind_66_pop_1,0.114432,0.113913,0.060818,0.171842
q_ind_67_pop_1,0.086892,0.084169,0.039988,0.156271
q_ind_68_pop_1,0.041399,0.039797,0.002096,0.085031
q_ind_69_pop_1,0.372123,0.369411,0.311901,0.447113
q_ind_70_pop_1,0.385628,0.383728,0.330393,0.453508
q_ind_71_pop_1,0.365434,0.363671,0.303413,0.436559
q_ind_72_pop_1,0.414391,0.412346,0.359108,0.487233
q_ind_73_pop_1,0.379483,0.378669,0.323735,0.440168
q_ind_74_pop_1,0.390680,0.389311,0.316778,0.470289
q_ind_75_pop_1,0.412050,0.410456,0.349533,0.479566
q_ind_76_pop_1,0.388573,0.384708,0.328856,0.462031
q_ind_77_pop_1,0.369607,0.367961,0.305978,0.444776
q_ind_78_pop_1,0.371508,0.370140,0.311878,0.447152
q_ind_79_pop_1,0.406889,0.404623,0.350273,0.475223
q_ind_80_pop_1,0.012871,0.009444,0.000000,0.047104
q_ind_81_pop_1,0.001815,0.000297,0.000000,0.013914
q_ind_82_pop_1,0.003136,0.000627,0.000000,0.020584
q_ind_83_pop_1,0.000900,0.000154,0.000000,0.006053
q_ind_84_pop_1,0.004478,0.001096,0.000000,0.025885
q_ind_85_pop_1,0.002218,0.000415,0.000000,0.014147
q_ind_86_pop_1,0.058841,0.056631,0.026206,0.101974
q_ind_87_pop_1,0.004309,0.000889,0.000000,0.024378
q_ind_88_pop_1,0.002921,0.000576,0.000000,0.019422
q_ind_89_pop_1,0.004372,0.001095,0.000000,0.022408
q_ind_90_pop_1,0.262164,0.259983,0.208602,0.337156
q_ind_91_pop_1,0.136021,0.134588,0.092006,0.185730
q_ind_92_pop_1,0.001272,0.000208,0.000000,0.009219
q_ind_93_pop_1,0.000594,0.000090,0.000000,0.004327
q_ind_94_pop_1,0.001779,0.000299,0.000000,0.012573
q_ind_95_pop_1,0.000559,0.000100,0.000000,0.003653
q_ind_96_pop_1,0.194281,0.193199,0.148208,0.245314
q_ind_97_pop_1,0.029468,0.030325,0.000006,0.062511
q_ind_98_pop_1,0.117508,0.112609,0.064365,0.188593
q_ind_99_pop_1,0.163118,0.161977,0.096273,0.235345
q_ind_100_pop_1,0.134188,0.133445,0.063058,0.210158
q_ind_101_pop_1,0.158068,0.156642,0.096715,0.228492
q_ind_102_pop_1,0.123886,0.126146,0.055183,0.194748
q_ind_103_pop_1,0.126862,0.124021,0.063807,0.198411
q_ind_104_pop_1,0.174219,0.172582,0.112697,0.243063
q_ind_105_pop_1,0.140080,0.141932,0.055496,0.215739
q_ind_106_pop_1,0.000989,0.000136,0.000000,0.006919
q_ind_107_pop_1,0.002524,0.000546,0.000000,0.015314
q_ind_108_pop_1,0.001105,0.000186,0.000000,0.007791
q_ind_109_pop_1,0.003539,0.000734,0.000000,0.022080
q_ind_110_pop_1,0.001335,0.000198,0.000000,0.009213
q_ind_111_pop_1,0.001062,0.000178,0.000000,0.007091
q_ind_112_pop_1,0.001567,0.000285,0.000000,0.010530
q_ind_113_pop_1,0.004330,0.000798,0.000000,0.023338
q_ind_114_pop_1,0.001976,0.000196,0.000000,0.015389
q_ind_115_pop_1,0.338605,0.335656,0.273367,0.428742
q_ind_116_pop_1,0.319638,0.315205,0.250207,0.419614
q_ind_117_pop_1,0.345899,0.342683,0.283360,0.425228
q_ind_118_pop_1,0.328907,0.326113,0.260018,0.420378
q_ind_119_pop_1,0.383667,0.376828,0.310202,0.491745
q_ind_120_pop_1,0.407107,0.404921,0.340605,0.484756
q_ind_121_pop_1,0.209341,0.209070,0.172813,0.248046
q_ind_122_pop_1,0.171943,0.169803,0.131721,0.220595
q_ind_123_pop_1,0.539633,0.530340,0.455645,0.671169
q_ind_124_pop_1,0.514156,0.506717,0.441986,0.638130
q_ind_125_pop_1,0.525786,0.518106,0.454850,0.650563
q_ind_126_pop_1,0.534038,0.525090,0.453389,0.663794
q_ind_127_pop_1,0.469713,0.464424,0.397221,0.570462
q_ind_128_pop_1,0.237263,0.225956,0.194480,0.342019
q_ind_129_pop_1,0.421371,0.413745,0.353043,0.537131
q_ind_130_pop_1,0.490914,0.483792,0.416398,0.607780
q_ind_131_pop_1,0.514061,0.506272,0.438488,0.637608
q_ind_132_pop_1,0.202309,0.203116,0.127847,0.287635
q_ind_133_pop_1,0.448453,0.440957,0.374872,0.555470
q_ind_134_pop_1,0.521304,0.513794,0.444820,0.637289
q_ind_135_pop_1,0.005083,0.000795,0.000000,0.033030
q_ind_136_pop_1,0.001468,0.000214,0.000000,0.010771
q_ind_137_pop_1,0.001986,0.000260,0.000000,0.015456
q_ind_138_pop_1,0.016531,0.007509,0.000000,0.068617
q_ind_139_pop_1,0.001910,0.000259,0.000000,0.014393
q_ind_140_pop_1,0.000613,0.000093,0.000000,0.004494
q_ind_141_pop_1,0.003852,0.000893,0.000000,0.026670
q_ind_142_pop_1,0.002417,0.000402,0.000000,0.017128
q_ind_143_pop_1,0.006894,0.001500,0.000000,0.039150
q_ind_144_pop_1,0.199931,0.199582,0.149618,0.255433
q_ind_145_pop_1,0.210585,0.208956,0.155076,0.275826
q_ind_146_pop_1,0.281900,0.281719,0.227058,0.337271
q_ind_147_pop_1,0.245109,0.239291,0.198985,0.337079
q_ind_148_pop_1,0.190219,0.188033,0.158533,0.237069
q_ind_149_pop_1,0.576391,0.570895,0.491557,0.694036
q_ind_150_pop_1,0.544074,0.538071,0.476338,0.650731
q_ind_151_pop_1,0.547824,0.541189,0.469955,0.663815
q_ind_152_pop_1,0.462188,0.450673,0.389916,0.602640
q_ind_153_pop_1,0.534397,0.524936,0.461461,0.663864
q_ind_154_pop_1,0.263120,0.257833,0.217449,0.340712
q_ind_155_pop_1,0.103846,0.098232,0.057877,0.180704
q_ind_156_pop_1,0.126249,0.109567,0.053232,0.266159
q_ind_157_pop_1,0.186833,0.167708,0.109377,0.334724
q_ind_158_pop_1,0.157413,0.142089,0.095926,0.280809
q_ind_159_pop_1,0.213126,0.200648,0.144501,0.330547
q_ind_160_pop_1,0.171451,0.169433,0.109376,0.242621
q_ind_161_pop_1,0.209284,0.198262,0.147323,0.318796
q_ind_162_pop_1,0.180889,0.165869,0.114791,0.306760
q_ind_163_pop_1,0.122234,0.111016,0.069457,0.222025
q_ind_164_pop_1,0.238052,0.239070,0.142371,0.343137
q_ind_165_pop_1,0.237161,0.238936,0.122831,0.345979
q_ind_166_pop_1,0.212432,0.211817,0.118415,0.315302
q_ind_167_pop_1,0.243810,0.242546,0.159006,0.337594
q_ind_168_pop_1,0.217017,0.214049,0.120284,0.332187
q_ind_169_pop_1,0.232055,0.228917,0.132926,0.352754
q_ind_170_pop_1,0.007886,0.000718,0.000000,0.053106
q_ind_171_pop_1,0.032091,0.032835,0.000032,0.068031
q_ind_172_pop_1,0.000592,0.000098,0.000000,0.004190
q_ind_173_pop_1,0.009882,0.002526,0.000000,0.049921
q_ind_174_pop_1,0.001291,0.000195,0.000000,0.008727
q_ind_175_pop_1,0.000925,0.000129,0.000000,0.006991
q_ind_176_pop_1,0.022815,0.021653,0.000000,0.062815
q_ind_177_pop_1,0.005367,0.000790,0.000000,0.035609
q_ind_178_pop_1,0.003669,0.000542,0.000000,0.023474
q_ind_179_pop_1,0.024614,0.023667,0.000004,0.063232
q_ind_180_pop_1,0.026389,0.025615,0.000000,0.068214
q_ind_181_pop_1,0.003743,0.000724,0.000000,0.023997
q_ind_182_pop_1,0.002383,0.000550,0.000000,0.014370
q_ind_183_pop_1,0.015412,0.013358,0.000000,0.046159
q_ind_184_pop_1,0.039374,0.039288,0.001103,0.076717
q_ind_185_pop_1,0.003851,0.000583,0.000000,0.029786
q_ind_186_pop_1,0.010551,0.004309,0.000000,0.049810
q_ind_187_pop_1,0.004324,0.001088,0.000000,0.025425
q_ind_188_pop_1,0.011853,0.001405,0.000000,0.068026
q_ind_189_pop_1,0.288010,0.279184,0.214503,0.409652
q_ind_190_pop_1,0.291409,0.283031,0.222478,0.409939
q_ind_191_pop_1,0.250548,0.240279,0.178583,0.367198
q_ind_192_pop_1,0.295078,0.286177,0.228436,0.406981
q_ind_193_pop_1,0.290528,0.279213,0.225108,0.410980
q_ind_194_pop_1,0.209088,0.198769,0.159547,0.313659
q_ind_195_pop_1,0.285366,0.276549,0.214607,0.401838
q_ind_196_pop_1,0.296637,0.290167,0.230962,0.396781
q_ind_197_pop_1,0.237944,0.229090,0.179767,0.341852
q_ind_198_pop_1,0.280100,0.271838,0.211136,0.392936
q_ind_199_pop_1,0.001352,0.000251,0.000000,0.009260
q_ind_200_pop_1,0.055068,0.052263,0.027670,0.101651
q_ind_201_pop_1,0.005045,0.001884,0.000000,0.023982
q_ind_202_pop_1,0.003971,0.000750,0.000000,0.025579
q_ind_203_pop_1,0.005715,0.001147,0.000000,0.035227
q_ind_204_pop_1,0.001535,0.000278,0.000000,0.010112
q_ind_205_pop_1,0.001600,0.000267,0.000000,0.011108
q_ind_206_pop_1,0.008978,0.003512,0.000000,0.040374
q_ind_207_pop_1,0.001854,0.000391,0.000000,0.011261
q_ind_208_pop_1,0.002329,0.000402,0.000000,0.015388
q_ind_209_pop_1,0.004989,0.001343,0.000000,0.026375
q_ind_210_pop_1,0.002256,0.000280,0.000000,0.018222
q_ind_211_pop_1,0.001500,0.000303,0.000000,0.009731
q_ind_212_pop_1,0.005676,0.002161,0.000000,0.026872
q_ind_213_pop_1,0.001072,0.000165,0.000000,0.007413
q_ind_214_pop_1,0.001163,0.000185,0.000000,0.007781
q_ind_215_pop_1,0.001114,0.000155,0.000000,0.008488
q_ind_216_pop_1,0.001727,0.000216,0.000000,0.012556
q_ind_217_pop_1,0.005039,0.000700,0.000000,0.033494
q_ind_218_pop_1,0.001542,0.000226,0.000000,0.011461
q_ind_219_pop_1,0.012739,0.000430,0.000000,0.095789
q_ind_220_pop_1,0.016694,0.008339,0.000000,0.065369
q_ind_221_pop_1,0.018447,0.001956,0.000000,0.083024
q_ind_0_pop_2,0.059395,0.058446,0.037482,0.085877
q_ind_1_pop_2,0.085974,0.085469,0.058467,0.115368
q_ind_2_pop_2,0.054142,0.054200,0.024750,0.084774
q_ind_3_pop_2,0.088328,0.088087,0.059899,0.117672
q_ind_4_pop_2,0.031606,0.032176,0.000591,0.059052
q_ind_5_pop_2,0.056384,0.057383,0.024616,0.085463
q_ind_6_pop_2,0.076913,0.075950,0.046836,0.112260
q_ind_7_pop_2,0.048737,0.048351,0.022457,0.075815
q_ind_8_pop_2,0.084899,0.084557,0.053534,0.118648
q_ind_9_pop_2,0.095854,0.095822,0.066501,0.124424
q_ind_10_pop_2,0.067200,0.066673,0.039406,0.095963
q_ind_11_pop_2,0.071169,0.071575,0.040648,0.100053
q_ind_12_pop_2,0.002303,0.000364,0.000000,0.016760
q_ind_13_pop_2,0.004517,0.000784,0.000000,0.029297
q_ind_14_pop_2,0.004682,0.001163,0.000000,0.029824
q_ind_15_pop_2,0.003081,0.000587,0.000000,0.021479
q_ind_16_pop_2,0.002789,0.000431,0.000000,0.020866
q_ind_17_pop_2,0.002109,0.000278,0.000000,0.016221
q_ind_18_pop_2,0.007762,0.002472,0.000000,0.041255
q_ind_19_pop_2,0.001339,0.000129,0.000000,0.012587
q_ind_20_pop_2,0.001187,0.000214,0.000000,0.008387
q_ind_21_pop_2,0.001849,0.000418,0.000000,0.011029
q_ind_22_pop_2,0.001341,0.000275,0.000000,0.008861
q_ind_23_pop_2,0.026001,0.025731,0.001030,0.051189
q_ind_24_pop_2,0.001622,0.000353,0.000000,0.009529
q_ind_25_pop_2,0.001439,0.000265,0.000000,0.009379
q_ind_26_pop_2,0.001899,0.000310,0.000000,0.012277
q_ind_27_pop_2,0.002338,0.000438,0.000000,0.014465
q_ind_28_pop_2,0.002172,0.000471,0.000000,0.012795
q_ind_29_pop_2,0.002142,0.000615,0.000000,0.011733
q_ind_30_pop_2,0.509095,0.509407,0.479950,0.537464
q_ind_31_pop_2,0.526567,0.526495,0.485234,0.569439
q_ind_32_pop_2,0.480284,0.480512,0.444954,0.513414
q_ind_33_pop_2,0.569998,0.570864,0.534891,0.599728
q_ind_34_pop_2,0.513007,0.512889,0.479411,0.546574
q_ind_35_pop_2,0.571765,0.571806,0.551587,0.591288
q_ind_36_pop_2,0.488679,0.488608,0.456784,0.519845
q_ind_37_pop_2,0.553436,0.553582,0.531481,0.574571
q_ind_38_pop_2,0.270965,0.271537,0.238580,0.300201
q_ind_39_pop_2,0.408710,0.408355,0.364820,0.453610
q_ind_40_pop_2,0.399622,0.400907,0.359694,0.432607
q_ind_41_pop_2,0.002689,0.000542,0.000000,0.016704
q_ind_42_pop_2,0.000848,0.000123,0.000000,0.005957
q_ind_43_pop_2,0.003254,0.000800,0.000000,0.019029
q_ind_44_pop_2,0.004388,0.001009,0.000000,0.023378
q_ind_45_pop_2,0.003484,0.000871,0.000000,0.020834
q_ind_46_pop_2,0.001544,0.000269,0.000000,0.010283
q_ind_47_pop_2,0.002259,0.000338,0.000000,0.016326
q_ind_48_pop_2,0.003154,0.000819,0.000000,0.022449
q_ind_49_pop_2,0.000893,0.000129,0.000000,0.006619
q_ind_50_pop_2,0.001481,0.000126,0.000000,0.017847
q_ind_51_pop_2,0.001038,0.000163,0.000000,0.007443
q_ind_52_pop_2,0.001650,0.000149,0.000000,0.018131
q_ind_53_pop_2,0.001785,0.000209,0.000000,0.013894
q_ind_54_pop_2,0.059547,0.059343,0.031729,0.087138
q_ind_55_pop_2,0.002173,0.000173,0.000000,0.023093
q_ind_56_pop_2,0.000930,0.000139,0.000000,0.006656
q_ind_57_pop_2,0.001238,0.000152,0.000000,0.009845
q_ind_58_pop_2,0.002992,0.000620,0.000000,0.019627
q_ind_59_pop_2,0.005887,0.001410,0.000000,0.037797
q_ind_60_pop_2,0.002854,0.000593,0.000000,0.016673
q_ind_61_pop_2,0.001115,0.000180,0.000000,0.008357
q_ind_62_pop_2,0.001140,0.000151,0.000000,0.008233
q_ind_63_pop_2,0.000941,0.000152,0.000000,0.006086
q_ind_64_pop_2,0.010302,0.009002,0.000001,0.029314
q_ind_65_pop_2,0.001910,0.000391,0.000000,0.011628
q_ind_66_pop_2,0.030620,0.030092,0.004830,0.058522
q_ind_67_pop_2,0.002687,0.000384,0.000000,0.019201
q_ind_68_pop_2,0.000815,0.000136,0.000000,0.005351
q_ind_69_pop_2,0.003410,0.002209,0.000000,0.013625
q_ind_70_pop_2,0.000734,0.000124,0.000000,0.005038
q_ind_71_pop_2,0.000742,0.000131,0.000000,0.004828
q_ind_72_pop_2,0.000706,0.000113,0.000000,0.004862
q_ind_73_pop_2,0.001944,0.000413,0.000000,0.012084
q_ind_74_pop_2,0.001311,0.000223,0.000000,0.008897
q_ind_75_pop_2,0.001358,0.000266,0.000000,0.008267
q_ind_76_pop_2,0.001563,0.000264,0.000000,0.010399
q_ind_77_pop_2,0.003425,0.001117,0.000000,0.018868
q_ind_78_pop_2,0.001648,0.000275,0.000000,0.011707
q_ind_79_pop_2,0.001042,0.000150,0.000000,0.008062
q_ind_80_pop_2,0.010686,0.007146,0.000000,0.043146
q_ind_81_pop_2,0.016908,0.012373,0.000000,0.057801
q_ind_82_pop_2,0.015933,0.011835,0.000000,0.050973
q_ind_83_pop_2,0.010148,0.005444,0.000000,0.038507
q_ind_84_pop_2,0.012520,0.009864,0.000001,0.040040
q_ind_85_pop_2,0.005058,0.001492,0.000000,0.026717
q_ind_86_pop_2,0.040429,0.040556,0.008344,0.071012
q_ind_87_pop_2,0.017220,0.014846,0.000000,0.050546
q_ind_88_pop_2,0.001782,0.000347,0.000000,0.011198
q_ind_89_pop_2,0.001143,0.000198,0.000000,0.007551
q_ind_90_pop_2,0.037176,0.037588,0.008492,0.061828
q_ind_91_pop_2,0.054201,0.053625,0.024749,0.085690
q_ind_92_pop_2,0.000641,0.000095,0.000000,0.004765
q_ind_93_pop_2,0.000902,0.000172,0.000000,0.006246
q_ind_94_pop_2,0.001077,0.000180,0.000000,0.007490
q_ind_95_pop_2,0.000416,0.000070,0.000000,0.002866
q_ind_96_pop_2,0.031220,0.031427,0.004084,0.056031
q_ind_97_pop_2,0.001702,0.000359,0.000000,0.010594
q_ind_98_pop_2,0.055006,0.054531,0.026712,0.085795
q_ind_99_pop_2,0.052208,0.052504,0.017038,0.086353
q_ind_100_pop_2,0.047825,0.047199,0.013287,0.084532
q_ind_101_pop_2,0.013213,0.009230,0.000000,0.043816
q_ind_102_pop_2,0.065273,0.065068,0.036949,0.095510
q_ind_103_pop_2,0.076443,0.076592,0.046132,0.106840
q_ind_104_pop_2,0.062119,0.062580,0.027100,0.094969
q_ind_105_pop_2,0.054872,0.056674,0.011446,0.091322
q_ind_106_pop_2,0.001267,0.000173,0.000000,0.010823
q_ind_107_pop_2,0.017042,0.016292,0.000000,0.043760
q_ind_108_pop_2,0.000903,0.000139,0.000000,0.006522
q_ind_109_pop_2,0.001520,0.000265,0.000000,0.009835
q_ind_110_pop_2,0.004567,0.001429,0.000000,0.020588
q_ind_111_pop_2,0.001103,0.000184,0.000000,0.007758
q_ind_112_pop_2,0.000747,0.000119,0.000000,0.005283
q_ind_113_pop_2,0.000966,0.000159,0.000000,0.006789
q_ind_114_pop_2,0.000843,0.000106,0.000000,0.006757
q_ind_115_pop_2,0.001453,0.000223,0.000000,0.009839
q_ind_116_pop_2,0.012063,0.010089,0.000000,0.037105
q_ind_117_pop_2,0.008399,0.005825,0.000000,0.029116
q_ind_118_pop_2,0.003689,0.001155,0.000000,0.018332
q_ind_119_pop_2,0.002057,0.000385,0.000000,0.012462
q_ind_120_pop_2,0.004227,0.001235,0.000000,0.021694
q_ind_121_pop_2,0.021163,0.021381,0.000001,0.052049
q_ind_122_pop_2,0.049638,0.049210,0.023477,0.077441
q_ind_123_pop_2,0.007857,0.005730,0.000000,0.027133
q_ind_124_pop_2,0.002888,0.000853,0.000000,0.015086
q_ind_125_pop_2,0.008418,0.005640,0.000000,0.029419
q_ind_126_pop_2,0.001856,0.000373,0.000000,0.012059
q_ind_127_pop_2,0.001777,0.000412,0.000000,0.010221
q_ind_128_pop_2,0.057577,0.058080,0.026245,0.084880
q_ind_129_pop_2,0.008224,0.004297,0.000000,0.031606
q_ind_130_pop_2,0.006665,0.003834,0.000000,0.025094
q_ind_131_pop_2,0.005760,0.002714,0.000000,0.023483
q_ind_132_pop_2,0.053046,0.052530,0.031567,0.077699
q_ind_133_pop_2,0.019474,0.018949,0.000021,0.044931
q_ind_134_pop_2,0.014540,0.014147,0.000002,0.036991
q_ind_135_pop_2,0.010713,0.008632,0.000001,0.034959
q_ind_136_pop_2,0.007083,0.003021,0.000000,0.031359
q_ind_137_pop_2,0.002900,0.000451,0.000000,0.023106
q_ind_138_pop_2,0.024240,0.023446,0.000349,0.052489
q_ind_139_pop_2,0.001166,0.000186,0.000000,0.008531
q_ind_140_pop_2,0.002883,0.000390,0.000000,0.020969
q_ind_141_pop_2,0.023604,0.023617,0.000023,0.051261
q_ind_142_pop_2,0.004863,0.001362,0.000000,0.023506
q_ind_143_pop_2,0.014102,0.010591,0.000000,0.042648
q_ind_144_pop_2,0.074422,0.074146,0.046709,0.104572
q_ind_145_pop_2,0.086841,0.086701,0.059516,0.113804
q_ind_146_pop_2,0.076847,0.076628,0.047486,0.106154
q_ind_147_pop_2,0.025502,0.025785,0.001604,0.048124
q_ind_148_pop_2,0.026754,0.026913,0.000372,0.052510
q_ind_149_pop_2,0.000850,0.000139,0.000000,0.006236
q_ind_150_pop_2,0.001092,0.000166,0.000000,0.007517
q_ind_151_pop_2,0.000982,0.000201,0.000000,0.006357
q_ind_152_pop_2,0.000751,0.000120,0.000000,0.005172
q_ind_153_pop_2,0.001427,0.000281,0.000000,0.009059
q_ind_154_pop_2,0.005698,0.001079,0.000000,0.033744
q_ind_155_pop_2,0.002710,0.000527,0.000000,0.017541
q_ind_156_pop_2,0.001062,0.000187,0.000000,0.007081
q_ind_157_pop_2,0.000613,0.000103,0.000000,0.004206
q_ind_158_pop_2,0.000902,0.000146,0.000000,0.006233
q_ind_159_pop_2,0.020936,0.020871,0.000007,0.047292
q_ind_160_pop_2,0.002335,0.000497,0.000000,0.015108
q_ind_161_pop_2,0.010390,0.007982,0.000000,0.034024
q_ind_162_pop_2,0.000885,0.000142,0.000000,0.006143
q_ind_163_pop_2,0.001503,0.000377,0.000000,0.008464
q_ind_164_pop_2,0.009849,0.006823,0.000000,0.036500
q_ind_165_pop_2,0.005409,0.001483,0.000000,0.031945
q_ind_166_pop_2,0.006751,0.002763,0.000000,0.028637
q_ind_167_pop_2,0.003335,0.000821,0.000000,0.017338
q_ind_168_pop_2,0.033898,0.033591,0.000056,0.071917
q_ind_169_pop_2,0.003443,0.001114,0.000000,0.018572
q_ind_170_pop_2,0.054942,0.054191,0.028370,0.084861
q_ind_171_pop_2,0.039861,0.039861,0.012300,0.066563
q_ind_172_pop_2,0.000727,0.000114,0.000000,0.005309
q_ind_173_pop_2,0.046463,0.046756,0.011311,0.075406
q_ind_174_pop_2,0.001636,0.000314,0.000000,0.010384
q_ind_175_pop_2,0.001529,0.000135,0.000000,0.014321
q_ind_176_pop_2,0.039322,0.039133,0.018124,0.062594
q_ind_177_pop_2,0.004411,0.001011,0.000000,0.023831
q_ind_178_pop_2,0.037860,0.040113,0.000049,0.066946
q_ind_179_pop_2,0.244100,0.244245,0.201022,0.289172
q_ind_180_pop_2,0.234670,0.234562,0.190892,0.279165
q_ind_181_pop_2,0.264084,0.264084,0.221018,0.308077
q_ind_182_pop_2,0.258008,0.257408,0.219438,0.298951
q_ind_183_pop_2,0.200693,0.200276,0.165235,0.238163
q_ind_184_pop_2,0.072668,0.072429,0.045890,0.099598
q_ind_185_pop_2,0.261330,0.262311,0.213572,0.301989
q_ind_186_pop_2,0.189633,0.188637,0.153554,0.228438
q_ind_187_pop_2,0.206349,0.206172,0.168104,0.246545
q_ind_188_pop_2,0.108950,0.109589,0.075670,0.138091
q_ind_189_pop_2,0.031874,0.031303,0.009663,0.059042
q_ind_190_pop_2,0.036640,0.035241,0.012943,0.068543
q_ind_191_pop_2,0.021097,0.018342,0.000001,0.060191
q_ind_192_pop_2,0.014331,0.011047,0.000000,0.044254
q_ind_193_pop_2,0.030893,0.031194,0.007439,0.054325
q_ind_194_pop_2,0.037388,0.036881,0.011059,0.065118
q_ind_195_pop_2,0.032649,0.032850,0.002316,0.060059
q_ind_196_pop_2,0.010674,0.008533,0.000000,0.034730
q_ind_197_pop_2,0.038188,0.037777,0.012461,0.065262
q_ind_198_pop_2,0.031554,0.031735,0.005156,0.055721
q_ind_199_pop_2,0.001835,0.000265,0.000000,0.014545
q_ind_200_pop_2,0.031996,0.032722,0.000195,0.061290
q_ind_201_pop_2,0.005251,0.001709,0.000000,0.027270
q_ind_202_pop_2,0.003564,0.000720,0.000000,0.024007
q_ind_203_pop_2,0.017583,0.015853,0.000000,0.049317
q_ind_204_pop_2,0.006682,0.002809,0.000000,0.028914
q_ind_205_pop_2,0.018996,0.018114,0.000001,0.048717
q_ind_206_pop_2,0.030125,0.030525,0.000004,0.068401
q_ind_207_pop_2,0.002667,0.000478,0.000000,0.019447
q_ind_208_pop_2,0.019757,0.018619,0.000006,0.049486
q_ind_209_pop_2,0.005774,0.001661,0.000000,0.031264
q_ind_210_pop_2,0.001306,0.000251,0.000000,0.008100
q_ind_211_pop_2,0.002209,0.000338,0.000000,0.016085
q_ind_212_pop_2,0.000802,0.000161,0.000000,0.005263
q_ind_213_pop_2,0.000844,0.000113,0.000000,0.006470
q_ind_214_pop_2,0.004221,0.000721,0.000000,0.025360
q_ind_215_pop_2,0.001129,0.000161,0.000000,0.007995
q_ind_216_pop_2,0.001766,0.000289,0.000000,0.011782
q_ind_217_pop_2,0.000554,0.000092,0.000000,0.003814
q_ind_218_pop_2,0.000689,0.000113,0.000000,0.004836
q_ind_219_pop_2,0.001150,0.000142,0.000000,0.008989
q_ind_220_pop_2,0.000797,0.000112,0.000000,0.005734
q_ind_221_pop_2,0.001126,0.000149,0.000000,0.009164
q_ind_0_pop_3,0.315873,0.319276,0.242524,0.360073
q_ind_1_pop_3,0.334892,0.336553,0.276235,0.381524
q_ind_2_pop_3,0.445660,0.448099,0.366889,0.496367
q_ind_3_pop_3,0.436476,0.437948,0.372878,0.485373
q_ind_4_pop_3,0.254982,0.260171,0.186631,0.295556
q_ind_5_pop_3,0.410402,0.412680,0.340310,0.457622
q_ind_6_pop_3,0.417058,0.418684,0.353898,0.468202
q_ind_7_pop_3,0.431852,0.434296,0.362735,0.479156
q_ind_8_pop_3,0.405575,0.405966,0.340422,0.467243
q_ind_9_pop_3,0.412316,0.414710,0.339285,0.459452
q_ind_10_pop_3,0.442227,0.443097,0.377958,0.493239
q_ind_11_pop_3,0.399300,0.401217,0.331481,0.446054
q_ind_12_pop_3,0.001124,0.000179,0.000000,0.007888
q_ind_13_pop_3,0.001728,0.000293,0.000000,0.013163
q_ind_14_pop_3,0.003744,0.001334,0.000000,0.018740
q_ind_15_pop_3,0.001653,0.000382,0.000000,0.010285
q_ind_16_pop_3,0.001657,0.000323,0.000000,0.010559
q_ind_17_pop_3,0.001148,0.000199,0.000000,0.007377
q_ind_18_pop_3,0.000798,0.000138,0.000000,0.005077
q_ind_19_pop_3,0.056286,0.055988,0.029791,0.084502
q_ind_20_pop_3,0.002049,0.000368,0.000000,0.013734
q_ind_21_pop_3,0.003352,0.000754,0.000000,0.020465
q_ind_22_pop_3,0.004404,0.001547,0.000000,0.021081
q_ind_23_pop_3,0.003520,0.000912,0.000000,0.021319
q_ind_24_pop_3,0.001179,0.000195,0.000000,0.008533
q_ind_25_pop_3,0.004448,0.001486,0.000000,0.022937
q_ind_26_pop_3,0.002749,0.000648,0.000000,0.015980
q_ind_27_pop_3,0.012679,0.010812,0.000000,0.038214
q_ind_28_pop_3,0.002348,0.000572,0.000000,0.013815
q_ind_29_pop_3,0.005200,0.002062,0.000000,0.025303
q_ind_30_pop_3,0.025099,0.023224,0.000032,0.059154
q_ind_31_pop_3,0.016821,0.011943,0.000000,0.057546
q_ind_32_pop_3,0.041542,0.040949,0.013161,0.072336
q_ind_33_pop_3,0.016397,0.007583,0.000000,0.066571
q_ind_34_pop_3,0.018517,0.016692,0.000001,0.049631
q_ind_35_pop_3,0.005022,0.000364,0.000000,0.036435
q_ind_36_pop_3,0.050165,0.049716,0.023673,0.080384
q_ind_37_pop_3,0.002473,0.000422,0.000000,0.017115
q_ind_38_pop_3,0.026014,0.026141,0.000003,0.061853
q_ind_39_pop_3,0.053133,0.053331,0.016836,0.088070
q_ind_40_pop_3,0.055937,0.055391,0.023310,0.091457
q_ind_41_pop_3,0.002234,0.000473,0.000000,0.013022
q_ind_42_pop_3,0.001309,0.000259,0.000000,0.008240
q_ind_43_pop_3,0.004529,0.001059,0.000000,0.027868
q_ind_44_pop_3,0.001150,0.000164,0.000000,0.008236
q_ind_45_pop_3,0.001125,0.000200,0.000000,0.008052
q_ind_46_pop_3,0.000820,0.000120,0.000000,0.005969
q_ind_47_pop_3,0.001157,0.000195,0.000000,0.007414
q_ind_48_pop_3,0.000700,0.000124,0.000000,0.004478
q_ind_49_pop_3,0.000537,0.000086,0.000000,0.003899
q_ind_50_pop_3,0.000496,0.000070,0.000000,0.003509
q_ind_51_pop_3,0.000710,0.000105,0.000000,0.005248
q_ind_52_pop_3,0.000585,0.000095,0.000000,0.003980
q_ind_53_pop_3,0.000625,0.000097,0.000000,0.004702
q_ind_54_pop_3,0.002317,0.000401,0.000000,0.015330
q_ind_55_pop_3,0.000537,0.000079,0.000000,0.003800
q_ind_56_pop_3,0.000816,0.000118,0.000000,0.005740
q_ind_57_pop_3,0.000672,0.000098,0.000000,0.004924
q_ind_58_pop_3,0.000769,0.000131,0.000000,0.005384
q_ind_59_pop_3,0.000823,0.000155,0.000000,0.005574
q_ind_60_pop_3,0.001890,0.000375,0.000000,0.011907
q_ind_61_pop_3,0.078979,0.078600,0.050199,0.109263
q_ind_62_pop_3,0.056585,0.056742,0.029203,0.084473
q_ind_63_pop_3,0.000849,0.000150,0.000000,0.005445
q_ind_64_pop_3,0.001406,0.000233,0.000000,0.008985
q_ind_65_pop_3,0.002891,0.000559,0.000000,0.020014
q_ind_66_pop_3,0.005670,0.001363,0.000000,0.027437
q_ind_67_pop_3,0.055363,0.055918,0.022813,0.083433
q_ind_68_pop_3,0.001243,0.000217,0.000000,0.008317
q_ind_69_pop_3,0.060745,0.061038,0.021531,0.095410
q_ind_70_pop_3,0.057746,0.058070,0.016003,0.093632
q_ind_71_pop_3,0.058542,0.059808,0.020045,0.091011
q_ind_72_pop_3,0.074435,0.077518,0.018154,0.105660
q_ind_73_pop_3,0.041661,0.044176,0.000006,0.085101
q_ind_74_pop_3,0.067699,0.068229,0.021368,0.107431
q_ind_75_pop_3,0.050338,0.052494,0.000407,0.097277
q_ind_76_pop_3,0.088169,0.087976,0.047981,0.125393
q_ind_77_pop_3,0.048325,0.048653,0.008616,0.081260
q_ind_78_pop_3,0.057671,0.060454,0.000190,0.107145
q_ind_79_pop_3,0.062378,0.065288,0.006935,0.100596
q_ind_80_pop_3,0.082481,0.082856,0.026933,0.123783
q_ind_81_pop_3,0.083761,0.086346,0.000252,0.123349
q_ind_82_pop_3,0.045244,0.044381,0.008618,0.086226
q_ind_83_pop_3,0.050740,0.050178,0.019355,0.085782
q_ind_84_pop_3,0.060857,0.060698,0.026472,0.097339
q_ind_85_pop_3,0.075452,0.075063,0.036807,0.115899
q_ind_86_pop_3,0.074086,0.074321,0.028256,0.111273
q_ind_87_pop_3,0.079787,0.079302,0.034147,0.127616
q_ind_88_pop_3,0.001684,0.000385,0.000000,0.010452
q_ind_89_pop_3,0.001516,0.000253,0.000000,0.010079
q_ind_90_pop_3,0.003647,0.000309,0.000000,0.024221
q_ind_91_pop_3,0.089073,0.088836,0.057580,0.122270
q_ind_92_pop_3,0.000637,0.000115,0.000000,0.004056
q_ind_93_pop_3,0.000429,0.000070,0.000000,0.003003
q_ind_94_pop_3,0.000851,0.000131,0.000000,0.005962
q_ind_95_pop_3,0.000630,0.000097,0.000000,0.004938
q_ind_96_pop_3,0.058867,0.058388,0.033538,0.086597
q_ind_97_pop_3,0.001301,0.000247,0.000000,0.008582
q_ind_98_pop_3,0.118707,0.118312,0.081772,0.155166
q_ind_99_pop_3,0.127964,0.127507,0.094501,0.163628
q_ind_100_pop_3,0.161554,0.160682,0.118458,0.208395
q_ind_101_pop_3,0.178304,0.178170,0.140804,0.217252
q_ind_102_pop_3,0.144415,0.143546,0.107275,0.186565
q_ind_103_pop_3,0.091871,0.091526,0.057908,0.126849
q_ind_104_pop_3,0.129408,0.128483,0.089289,0.175588
q_ind_105_pop_3,0.154253,0.153714,0.109507,0.202240
q_ind_106_pop_3,0.000659,0.000104,0.000000,0.004994
q_ind_107_pop_3,0.001616,0.000313,0.000000,0.009832
q_ind_108_pop_3,0.001245,0.000259,0.000000,0.008284
q_ind_109_pop_3,0.001327,0.000261,0.000000,0.008801
q_ind_110_pop_3,0.001092,0.000180,0.000000,0.007562
q_ind_111_pop_3,0.000840,0.000128,0.000000,0.005981
q_ind_112_pop_3,0.001200,0.000252,0.000000,0.007687
q_ind_113_pop_3,0.000869,0.000153,0.000000,0.006157
q_ind_114_pop_3,0.037147,0.035864,0.012692,0.065600
q_ind_115_pop_3,0.041441,0.041914,0.002640,0.077139
q_ind_116_pop_3,0.045151,0.043839,0.011074,0.085636
q_ind_117_pop_3,0.006441,0.002296,0.000000,0.031313
q_ind_118_pop_3,0.040828,0.042137,0.000095,0.071553
q_ind_119_pop_3,0.004560,0.001199,0.000000,0.029406
q_ind_120_pop_3,0.044349,0.045522,0.005320,0.078162
q_ind_121_pop_3,0.075295,0.075035,0.042442,0.108758
q_ind_122_pop_3,0.124973,0.125163,0.091308,0.158204
q_ind_123_pop_3,0.002815,0.000710,0.000000,0.015921
q_ind_124_pop_3,0.009279,0.006401,0.000000,0.031907
q_ind_125_pop_3,0.011626,0.010020,0.000001,0.034430
q_ind_126_pop_3,0.001633,0.000255,0.000000,0.011595
q_ind_127_pop_3,0.005607,0.002524,0.000000,0.025479
q_ind_128_pop_3,0.077666,0.077336,0.050376,0.105828
q_ind_129_pop_3,0.015038,0.013295,0.000000,0.043124
q_ind_130_pop_3,0.007479,0.005134,0.000000,0.026364
q_ind_131_pop_3,0.013517,0.011246,0.000000,0.041601
q_ind_132_pop_3,0.001184,0.000141,0.000000,0.009548
q_ind_133_pop_3,0.011562,0.009448,0.000000,0.034661
q_ind_134_pop_3,0.012058,0.010377,0.000001,0.035752
q_ind_135_pop_3,0.381588,0.384641,0.281226,0.439816
q_ind_136_pop_3,0.404044,0.408608,0.283552,0.465478
q_ind_137_pop_3,0.409042,0.412642,0.307939,0.466068
q_ind_138_pop_3,0.348284,0.354207,0.225178,0.407631
q_ind_139_pop_3,0.394028,0.399445,0.270537,0.453588
q_ind_140_pop_3,0.375532,0.380320,0.255755,0.436050
q_ind_141_pop_3,0.365495,0.370758,0.243968,0.423378
q_ind_142_pop_3,0.392575,0.397506,0.268880,0.454787
q_ind_143_pop_3,0.386682,0.392370,0.265037,0.441368
q_ind_144_pop_3,0.184262,0.183177,0.144538,0.230158
q_ind_145_pop_3,0.162335,0.161910,0.125815,0.202231
q_ind_146_pop_3,0.197165,0.195645,0.155851,0.245660
q_ind_147_pop_3,0.001850,0.000302,0.000000,0.012437
q_ind_148_pop_3,0.118049,0.119075,0.059587,0.162311
q_ind_149_pop_3,0.003082,0.000697,0.000000,0.018418
q_ind_150_pop_3,0.002064,0.000405,0.000000,0.013049
q_ind_151_pop_3,0.001013,0.000159,0.000000,0.007252
q_ind_152_pop_3,0.001969,0.000335,0.000000,0.012812
q_ind_153_pop_3,0.000736,0.000126,0.000000,0.004889
q_ind_154_pop_3,0.079374,0.079398,0.053619,0.105552
q_ind_155_pop_3,0.147243,0.147855,0.065254,0.211818
q_ind_156_pop_3,0.153089,0.155433,0.071868,0.210658
q_ind_157_pop_3,0.111727,0.111161,0.045555,0.166397
q_ind_158_pop_3,0.166586,0.168864,0.079624,0.221501
q_ind_159_pop_3,0.151867,0.153501,0.092223,0.195434
q_ind_160_pop_3,0.124711,0.127207,0.061695,0.165652
q_ind_161_pop_3,0.100361,0.099376,0.047440,0.150237
q_ind_162_pop_3,0.111195,0.109581,0.056856,0.166514
q_ind_163_pop_3,0.125986,0.128739,0.052667,0.180080
q_ind_164_pop_3,0.000880,0.000141,0.000000,0.006042
q_ind_165_pop_3,0.005655,0.001758,0.000000,0.029120
q_ind_166_pop_3,0.005765,0.002304,0.000000,0.025966
q_ind_167_pop_3,0.010655,0.007479,0.000000,0.037914
q_ind_168_pop_3,0.028122,0.028295,0.000005,0.065526
q_ind_169_pop_3,0.002786,0.000697,0.000000,0.016068
q_ind_170_pop_3,0.632024,0.614621,0.558969,0.724756
q_ind_171_pop_3,0.651263,0.638872,0.583465,0.734717
q_ind_172_pop_3,0.870304,0.824410,0.766014,0.999590
q_ind_173_pop_3,0.662329,0.647715,0.593973,0.751640
q_ind_174_pop_3,0.866466,0.818153,0.759793,0.999606
q_ind_175_pop_3,0.861703,0.815645,0.759285,0.999334
q_ind_176_pop_3,0.663606,0.643987,0.592019,0.756115
q_ind_177_pop_3,0.299550,0.299098,0.270352,0.332546
q_ind_178_pop_3,0.656289,0.642839,0.588753,0.740582
q_ind_179_pop_3,0.288093,0.285282,0.231046,0.353867
q_ind_180_pop_3,0.261812,0.262228,0.207027,0.309862
q_ind_181_pop_3,0.252564,0.250622,0.202417,0.310501
q_ind_182_pop_3,0.271567,0.271431,0.219902,0.322050
q_ind_183_pop_3,0.261700,0.260259,0.214588,0.316151
q_ind_184_pop_3,0.223662,0.226083,0.163331,0.275624
q_ind_185_pop_3,0.261236,0.260446,0.215571,0.309317
q_ind_186_pop_3,0.262954,0.263075,0.208956,0.314119
q_ind_187_pop_3,0.263271,0.262353,0.213606,0.317419
q_ind_188_pop_3,0.116694,0.116432,0.081731,0.155589
q_ind_189_pop_3,0.005144,0.001352,0.000000,0.027507
q_ind_190_pop_3,0.010393,0.006175,0.000000,0.035748
q_ind_191_pop_3,0.029560,0.030670,0.000000,0.073346
q_ind_192_pop_3,0.012880,0.008320,0.000000,0.044966
q_ind_193_pop_3,0.002177,0.000468,0.000000,0.013800
q_ind_194_pop_3,0.007285,0.001927,0.000000,0.033662
q_ind_195_pop_3,0.009044,0.003688,0.000000,0.038470
q_ind_196_pop_3,0.002707,0.000549,0.000000,0.016490
q_ind_197_pop_3,0.015932,0.012131,0.000000,0.051608
q_ind_198_pop_3,0.014097,0.011955,0.000000,0.042419
q_ind_199_pop_3,0.273135,0.271619,0.232212,0.316686
q_ind_200_pop_3,0.174764,0.174967,0.139384,0.209094
q_ind_201_pop_3,0.328428,0.329756,0.264742,0.377677
q_ind_202_pop_3,0.257827,0.257710,0.197715,0.310031
q_ind_203_pop_3,0.325892,0.326246,0.274211,0.375872
q_ind_204_pop_3,0.327561,0.329067,0.261010,0.376883
q_ind_205_pop_3,0.334930,0.338027,0.264980,0.385976
q_ind_206_pop_3,0.322701,0.322213,0.270532,0.376975
q_ind_207_pop_3,0.315056,0.317709,0.250994,0.361576
q_ind_208_pop_3,0.235447,0.235213,0.196465,0.274743
q_ind_209_pop_3,0.324789,0.325642,0.273681,0.366960
q_ind_210_pop_3,0.000890,0.000143,0.000000,0.006874
q_ind_211_pop_3,0.000820,0.000146,0.000000,0.005775
q_ind_212_pop_3,0.001072,0.000163,0.000000,0.007274
q_ind_213_pop_3,0.000981,0.000146,0.000000,0.007015
q_ind_214_pop_3,0.002163,0.000299,0.000000,0.015817
q_ind_215_pop_3,0.000834,0.000144,0.000000,0.005963
q_ind_216_pop_3,0.006072,0.001403,0.000000,0.033259
q_ind_217_pop_3,0.000883,0.000120,0.000000,0.006303
q_ind_218_pop_3,0.001122,0.000215,0.000000,0.007376
q_ind_219_pop_3,0.038228,0.037538,0.016541,0.064602
q_ind_220_pop_3,0.001028,0.000157,0.000000,0.006958
q_ind_221_pop_3,0.033103,0.035212,0.000002,0.067511
q_ind_0_pop_4,0.403367,0.405991,0.359220,0.434597
q_ind_1_pop_4,0.409413,0.412888,0.358526,0.451698
q_ind_2_pop_4,0.365029,0.367200,0.319133,0.406002
q_ind_3_pop_4,0.358122,0.361523,0.311369,0.395719
q_ind_4_pop_4,0.355689,0.363802,0.292377,0.406355
q_ind_5_pop_4,0.389909,0.394959,0.338059,0.431028
q_ind_6_pop_4,0.365690,0.365884,0.324711,0.404908
q_ind_7_pop_4,0.386216,0.388816,0.345925,0.420704
q_ind_8_pop_4,0.381815,0.381028,0.327564,0.438251
q_ind_9_pop_4,0.386574,0.389329,0.344813,0.420237
q_ind_10_pop_4,0.364907,0.371578,0.307182,0.409700
q_ind_11_pop_4,0.391950,0.394800,0.346321,0.434799
q_ind_12_pop_4,0.218934,0.220526,0.141124,0.279591
q_ind_13_pop_4,0.238981,0.237641,0.141488,0.323043
q_ind_14_pop_4,0.232196,0.230697,0.151511,0.308702
q_ind_15_pop_4,0.236554,0.235913,0.158114,0.299378
q_ind_16_pop_4,0.216033,0.217038,0.140875,0.274700
q_ind_17_pop_4,0.247673,0.253122,0.141228,0.313909
q_ind_18_pop_4,0.248798,0.249788,0.168972,0.306882
q_ind_19_pop_4,0.248464,0.259577,0.161749,0.311255
q_ind_20_pop_4,0.222040,0.224814,0.170784,0.259124
q_ind_21_pop_4,0.229132,0.231989,0.179220,0.262322
q_ind_22_pop_4,0.229441,0.231198,0.186094,0.261549
q_ind_23_pop_4,0.302192,0.305356,0.233961,0.347993
q_ind_24_pop_4,0.250271,0.252442,0.191840,0.290083
q_ind_25_pop_4,0.209327,0.211652,0.163649,0.239539
q_ind_26_pop_4,0.225775,0.227284,0.180381,0.260828
q_ind_27_pop_4,0.227586,0.230230,0.177635,0.262831
q_ind_28_pop_4,0.231086,0.230300,0.177145,0.286127
q_ind_29_pop_4,0.238936,0.241600,0.192435,0.271684
q_ind_30_pop_4,0.424003,0.424744,0.396172,0.448704
q_ind_31_pop_4,0.410103,0.411009,0.373166,0.442737
q_ind_32_pop_4,0.411205,0.412404,0.375201,0.440783
q_ind_33_pop_4,0.406806,0.408453,0.372172,0.434884
q_ind_34_pop_4,0.411153,0.412460,0.381889,0.434242
q_ind_35_pop_4,0.420284,0.421251,0.394976,0.440186
q_ind_36_pop_4,0.399904,0.400424,0.371106,0.425978
q_ind_37_pop_4,0.436939,0.437630,0.415262,0.455475
q_ind_38_pop_4,0.357206,0.358662,0.310005,0.396728
q_ind_39_pop_4,0.409558,0.411698,0.354670,0.453457
q_ind_40_pop_4,0.381883,0.382236,0.343599,0.418481
q_ind_41_pop_4,0.057654,0.055021,0.025417,0.100548
q_ind_42_pop_4,0.057255,0.056827,0.007497,0.100005
q_ind_43_pop_4,0.042903,0.043835,0.000090,0.090231
q_ind_44_pop_4,0.029390,0.028644,0.000013,0.065577
q_ind_45_pop_4,0.064503,0.062884,0.031562,0.106876
q_ind_46_pop_4,0.046867,0.045151,0.008533,0.090997
q_ind_47_pop_4,0.034108,0.035783,0.000008,0.068913
q_ind_48_pop_4,0.134907,0.135865,0.070316,0.183753
q_ind_49_pop_4,0.132563,0.136343,0.015501,0.185824
q_ind_50_pop_4,0.124789,0.125142,0.025008,0.175446
q_ind_51_pop_4,0.115776,0.121510,0.000138,0.168400
q_ind_52_pop_4,0.106786,0.108934,0.015941,0.159356
q_ind_53_pop_4,0.112222,0.110852,0.057415,0.162920
q_ind_54_pop_4,0.199324,0.201902,0.145421,0.238263
q_ind_55_pop_4,0.107340,0.110932,0.013725,0.156078
q_ind_56_pop_4,0.126830,0.128115,0.067403,0.170004
q_ind_57_pop_4,0.130015,0.130438,0.071275,0.181561
q_ind_58_pop_4,0.115247,0.118913,0.018609,0.165345
q_ind_59_pop_4,0.108667,0.107961,0.052940,0.165071
q_ind_60_pop_4,0.113269,0.113340,0.058637,0.160192
q_ind_61_pop_4,0.166207,0.167355,0.111148,0.217383
q_ind_62_pop_4,0.159660,0.157244,0.111385,0.214296
q_ind_63_pop_4,0.106748,0.105418,0.072728,0.145640
q_ind_64_pop_4,0.115431,0.116216,0.065120,0.156799
q_ind_65_pop_4,0.092896,0.092651,0.049239,0.133641
q_ind_66_pop_4,0.166479,0.159500,0.123241,0.233241
q_ind_67_pop_4,0.180811,0.181943,0.132045,0.220641
q_ind_68_pop_4,0.108092,0.107209,0.072371,0.144600
q_ind_69_pop_4,0.295526,0.296457,0.249232,0.336810
q_ind_70_pop_4,0.297734,0.297442,0.258089,0.340169
q_ind_71_pop_4,0.310774,0.313769,0.256063,0.358421
q_ind_72_pop_4,0.279837,0.284610,0.231255,0.318568
q_ind_73_pop_4,0.299220,0.299222,0.263273,0.334403
q_ind_74_pop_4,0.293059,0.292962,0.236714,0.355291
q_ind_75_pop_4,0.288540,0.287510,0.246938,0.336899
q_ind_76_pop_4,0.288517,0.287481,0.245103,0.335349
q_ind_77_pop_4,0.308480,0.308752,0.256270,0.359741
q_ind_78_pop_4,0.316233,0.315361,0.264992,0.372712
q_ind_79_pop_4,0.274206,0.272278,0.239663,0.314285
q_ind_80_pop_4,0.514047,0.521768,0.402732,0.581213
q_ind_81_pop_4,0.460378,0.467224,0.358017,0.518491
q_ind_82_pop_4,0.469468,0.476567,0.364575,0.531054
q_ind_83_pop_4,0.490502,0.500241,0.366189,0.549892
q_ind_84_pop_4,0.472389,0.480972,0.361187,0.534718
q_ind_85_pop_4,0.473033,0.479406,0.370048,0.529778
q_ind_86_pop_4,0.374026,0.377878,0.298294,0.429754
q_ind_87_pop_4,0.502107,0.510257,0.388046,0.564104
q_ind_88_pop_4,0.026925,0.027800,0.000047,0.055346
q_ind_89_pop_4,0.018414,0.018248,0.000001,0.045585
q_ind_90_pop_4,0.149264,0.150953,0.096039,0.190134
q_ind_91_pop_4,0.201409,0.202542,0.110983,0.267245
q_ind_92_pop_4,0.006554,0.002635,0.000000,0.032599
q_ind_93_pop_4,0.005559,0.000945,0.000000,0.031108
q_ind_94_pop_4,0.032162,0.030689,0.000284,0.068758
q_ind_95_pop_4,0.003502,0.000772,0.000000,0.021210
q_ind_96_pop_4,0.134705,0.139203,0.055532,0.184420
q_ind_97_pop_4,0.035842,0.035535,0.006854,0.065165
q_ind_98_pop_4,0.261150,0.262643,0.212494,0.306430
q_ind_99_pop_4,0.248376,0.249658,0.191113,0.304673
q_ind_100_pop_4,0.217178,0.217625,0.157280,0.275875
q_ind_101_pop_4,0.220258,0.220292,0.174826,0.263626
q_ind_102_pop_4,0.218572,0.216129,0.163975,0.277684
q_ind_103_pop_4,0.263763,0.268351,0.204397,0.317388
q_ind_104_pop_4,0.243049,0.245110,0.180397,0.302495
q_ind_105_pop_4,0.198757,0.197929,0.147057,0.253554
q_ind_106_pop_4,0.059616,0.059840,0.028656,0.091217
q_ind_107_pop_4,0.035283,0.034611,0.002768,0.063686
q_ind_108_pop_4,0.035565,0.036015,0.001882,0.060626
q_ind_109_pop_4,0.051495,0.050810,0.019744,0.080275
q_ind_110_pop_4,0.012761,0.011083,0.000000,0.037544
q_ind_111_pop_4,0.041048,0.040628,0.018624,0.066097
q_ind_112_pop_4,0.019261,0.019620,0.000000,0.049504
q_ind_113_pop_4,0.034348,0.035019,0.000109,0.064156
q_ind_114_pop_4,0.156885,0.164437,0.082819,0.214419
q_ind_115_pop_4,0.332845,0.336951,0.269760,0.392384
q_ind_116_pop_4,0.339973,0.349263,0.244843,0.398031
q_ind_117_pop_4,0.324493,0.325975,0.264614,0.382854
q_ind_118_pop_4,0.336777,0.344631,0.263648,0.390157
q_ind_119_pop_4,0.338053,0.354916,0.249034,0.409686
q_ind_120_pop_4,0.310649,0.317299,0.241077,0.374830
q_ind_121_pop_4,0.339365,0.346377,0.260175,0.388740
q_ind_122_pop_4,0.320169,0.319027,0.277720,0.361230
q_ind_123_pop_4,0.204455,0.206920,0.148592,0.240838
q_ind_124_pop_4,0.215214,0.218282,0.160679,0.248529
q_ind_125_pop_4,0.207179,0.209700,0.158291,0.242355
q_ind_126_pop_4,0.214345,0.218246,0.158196,0.255358
q_ind_127_pop_4,0.245929,0.251548,0.179589,0.294661
q_ind_128_pop_4,0.274708,0.276119,0.237554,0.308275
q_ind_129_pop_4,0.237081,0.240024,0.184581,0.273130
q_ind_130_pop_4,0.230852,0.234924,0.173875,0.271441
q_ind_131_pop_4,0.209055,0.212456,0.153245,0.246796
q_ind_132_pop_4,0.274672,0.280042,0.209920,0.319658
q_ind_133_pop_4,0.237425,0.239512,0.187410,0.284635
q_ind_134_pop_4,0.197952,0.202354,0.139744,0.237791
q_ind_135_pop_4,0.449621,0.457016,0.385412,0.497045
q_ind_136_pop_4,0.458166,0.460024,0.412977,0.496044
q_ind_137_pop_4,0.460778,0.464383,0.406395,0.506145
q_ind_138_pop_4,0.449973,0.446584,0.412889,0.494741
q_ind_139_pop_4,0.468277,0.473048,0.401581,0.517666
q_ind_140_pop_4,0.501519,0.502822,0.461917,0.536606
q_ind_141_pop_4,0.478697,0.479868,0.432484,0.519898
q_ind_142_pop_4,0.450166,0.452410,0.399172,0.494409
q_ind_143_pop_4,0.458744,0.460892,0.409864,0.499884
q_ind_144_pop_4,0.318639,0.321036,0.265227,0.365205
q_ind_145_pop_4,0.324344,0.328397,0.268181,0.362223
q_ind_146_pop_4,0.266345,0.268015,0.209412,0.324412
q_ind_147_pop_4,0.253984,0.257530,0.193160,0.294934
q_ind_148_pop_4,0.306791,0.309475,0.259292,0.335963
q_ind_149_pop_4,0.206594,0.208607,0.147150,0.261527
q_ind_150_pop_4,0.224572,0.227439,0.171343,0.259032
q_ind_151_pop_4,0.211412,0.214606,0.149443,0.250890
q_ind_152_pop_4,0.220705,0.227060,0.145605,0.265501
q_ind_153_pop_4,0.228547,0.233617,0.165625,0.267435
q_ind_154_pop_4,0.245126,0.250347,0.167405,0.296224
q_ind_155_pop_4,0.375434,0.374979,0.327223,0.423618
q_ind_156_pop_4,0.413032,0.414490,0.343343,0.471724
q_ind_157_pop_4,0.407114,0.408678,0.318552,0.472084
q_ind_158_pop_4,0.356659,0.357722,0.310356,0.397607
q_ind_159_pop_4,0.364559,0.364449,0.295954,0.428550
q_ind_160_pop_4,0.358839,0.359409,0.305057,0.414740
q_ind_161_pop_4,0.395080,0.397531,0.317587,0.448839
q_ind_162_pop_4,0.401438,0.404610,0.306815,0.464809
q_ind_163_pop_4,0.391656,0.396318,0.322421,0.434190
q_ind_164_pop_4,0.158045,0.156770,0.095785,0.218165
q_ind_165_pop_4,0.144752,0.142683,0.077838,0.209259
q_ind_166_pop_4,0.144385,0.143743,0.083313,0.199581
q_ind_167_pop_4,0.129342,0.129605,0.069033,0.181435
q_ind_168_pop_4,0.177588,0.178158,0.118783,0.232532
q_ind_169_pop_4,0.159301,0.159728,0.089068,0.219849
q_ind_170_pop_4,0.268249,0.291659,0.164980,0.348809
q_ind_171_pop_4,0.241963,0.265861,0.144625,0.310098
q_ind_172_pop_4,0.127073,0.173099,0.000000,0.231208
q_ind_173_pop_4,0.247816,0.272931,0.148810,0.323121
q_ind_174_pop_4,0.127950,0.176389,0.000000,0.235185
q_ind_175_pop_4,0.133994,0.181182,0.000001,0.236111
q_ind_176_pop_4,0.242289,0.266495,0.141894,0.314605
q_ind_177_pop_4,0.173918,0.175517,0.123105,0.217985
q_ind_178_pop_4,0.281237,0.302641,0.187875,0.350063
q_ind_179_pop_4,0.395688,0.402373,0.327631,0.451462
q_ind_180_pop_4,0.405101,0.405566,0.363031,0.448280
q_ind_181_pop_4,0.395361,0.401010,0.332129,0.441391
q_ind_182_pop_4,0.403237,0.402114,0.355190,0.453886
q_ind_183_pop_4,0.432331,0.435783,0.374567,0.476764
q_ind_184_pop_4,0.359029,0.363736,0.300542,0.404047
q_ind_185_pop_4,0.392472,0.397961,0.343317,0.427070
q_ind_186_pop_4,0.356594,0.360273,0.294687,0.409241
q_ind_187_pop_4,0.444457,0.447984,0.387152,0.491802
q_ind_188_pop_4,0.240221,0.240720,0.192429,0.285715
q_ind_189_pop_4,0.309807,0.314566,0.235525,0.373532
q_ind_190_pop_4,0.312424,0.313316,0.255979,0.358788
q_ind_191_pop_4,0.334314,0.338153,0.265297,0.386178
q_ind_192_pop_4,0.310322,0.313926,0.226750,0.370724
q_ind_193_pop_4,0.318850,0.319334,0.248108,0.379806
q_ind_194_pop_4,0.341481,0.350424,0.247405,0.407575
q_ind_195_pop_4,0.295453,0.297408,0.238667,0.344656
q_ind_196_pop_4,0.314724,0.317964,0.243997,0.367245
q_ind_197_pop_4,0.330869,0.337655,0.253336,0.393445
q_ind_198_pop_4,0.326122,0.331722,0.255689,0.377123
q_ind_199_pop_4,0.258336,0.257483,0.218174,0.301458
q_ind_200_pop_4,0.272154,0.272452,0.235273,0.310742
q_ind_201_pop_4,0.245082,0.245835,0.190735,0.295329
q_ind_202_pop_4,0.282012,0.283469,0.235624,0.326554
q_ind_203_pop_4,0.233141,0.234499,0.174097,0.289001
q_ind_204_pop_4,0.242578,0.246845,0.182703,0.291638
q_ind_205_pop_4,0.230011,0.232764,0.162051,0.289906
q_ind_206_pop_4,0.236412,0.235783,0.173045,0.299567
q_ind_207_pop_4,0.279124,0.280693,0.227198,0.323672
q_ind_208_pop_4,0.231089,0.226315,0.183560,0.289000
q_ind_209_pop_4,0.259552,0.261822,0.205907,0.315917
q_ind_210_pop_4,0.058151,0.059573,0.007063,0.094665
q_ind_211_pop_4,0.092956,0.093564,0.055701,0.123026
q_ind_212_pop_4,0.069467,0.071173,0.006386,0.104532
q_ind_213_pop_4,0.067503,0.068990,0.002804,0.109217
q_ind_214_pop_4,0.099387,0.095605,0.043863,0.165772
q_ind_215_pop_4,0.073382,0.073573,0.028480,0.106192
q_ind_216_pop_4,0.108068,0.110039,0.051224,0.144647
q_ind_217_pop_4,0.126713,0.128055,0.083096,0.161138
q_ind_218_pop_4,0.087155,0.088167,0.042960,0.124002
q_ind_219_pop_4,0.153072,0.152250,0.100786,0.205023
q_ind_220_pop_4,0.057465,0.061279,0.000018,0.096417
q_ind_221_pop_4,0.131301,0.129039,0.090437,0.185196
q_ind_0_pop_5,0.001051,0.000171,0.000000,0.007389
q_ind_1_pop_5,0.001246,0.000229,0.000000,0.007954
q_ind_2_pop_5,0.001077,0.000179,0.000000,0.007803
q_ind_3_pop_5,0.001110,0.000188,0.000000,0.007511
q_ind_4_pop_5,0.007519,0.002107,0.000000,0.035414
q_ind_5_pop_5,0.001401,0.000266,0.000000,0.009240
q_ind_6_pop_5,0.000966,0.000147,0.000000,0.006852
q_ind_7_pop_5,0.002236,0.000631,0.000000,0.012398
q_ind_8_pop_5,0.001698,0.000331,0.000000,0.010371
q_ind_9_pop_5,0.000717,0.000119,0.000000,0.004824
q_ind_10_pop_5,0.005583,0.002470,0.000000,0.024468
q_ind_11_pop_5,0.002654,0.000747,0.000000,0.013884
q_ind_12_pop_5,0.393349,0.392763,0.344126,0.446872
q_ind_13_pop_5,0.369679,0.369963,0.316036,0.424329
q_ind_14_pop_5,0.402125,0.401093,0.350366,0.462071
q_ind_15_pop_5,0.369659,0.368840,0.317008,0.423241
q_ind_16_pop_5,0.367777,0.367933,0.312078,0.424346
q_ind_17_pop_5,0.437980,0.437298,0.385654,0.492146
q_ind_18_pop_5,0.345217,0.345220,0.297805,0.395579
q_ind_19_pop_5,0.292817,0.290373,0.256762,0.341085
q_ind_20_pop_5,0.007566,0.003531,0.000000,0.032390
q_ind_21_pop_5,0.007013,0.003635,0.000000,0.028663
q_ind_22_pop_5,0.001984,0.000394,0.000000,0.012950
q_ind_23_pop_5,0.010220,0.004512,0.000000,0.045982
q_ind_24_pop_5,0.019847,0.019550,0.000014,0.045588
q_ind_25_pop_5,0.002766,0.000646,0.000000,0.016158
q_ind_26_pop_5,0.001501,0.000286,0.000000,0.009697
q_ind_27_pop_5,0.002800,0.000743,0.000000,0.015239
q_ind_28_pop_5,0.005999,0.002772,0.000000,0.025196
q_ind_29_pop_5,0.001688,0.000344,0.000000,0.010293
q_ind_30_pop_5,0.002400,0.000686,0.000000,0.013600
q_ind_31_pop_5,0.009016,0.003993,0.000000,0.038818
q_ind_32_pop_5,0.004842,0.001275,0.000000,0.026762
q_ind_33_pop_5,0.001031,0.000158,0.000000,0.007455
q_ind_34_pop_5,0.003456,0.000914,0.000000,0.019133
q_ind_35_pop_5,0.000702,0.000111,0.000000,0.004892
q_ind_36_pop_5,0.005968,0.002745,0.000000,0.027540
q_ind_37_pop_5,0.001373,0.000285,0.000000,0.009082
q_ind_38_pop_5,0.065336,0.065506,0.031953,0.100611
q_ind_39_pop_5,0.005121,0.001332,0.000000,0.027467
q_ind_40_pop_5,0.001980,0.000305,0.000000,0.013915
q_ind_41_pop_5,0.320489,0.320371,0.273920,0.367118
q_ind_42_pop_5,0.316236,0.316308,0.268235,0.365824
q_ind_43_pop_5,0.350591,0.351169,0.299309,0.401780
q_ind_44_pop_5,0.342455,0.341797,0.295023,0.393280
q_ind_45_pop_5,0.325481,0.325547,0.272518,0.376262
q_ind_46_pop_5,0.366091,0.365681,0.317715,0.417080
q_ind_47_pop_5,0.354415,0.354790,0.305293,0.402637
q_ind_48_pop_5,0.483475,0.482914,0.429115,0.543061
q_ind_49_pop_5,0.505559,0.503208,0.445737,0.586554
q_ind_50_pop_5,0.536633,0.536156,0.479118,0.601886
q_ind_51_pop_5,0.527622,0.525150,0.469646,0.603573
q_ind_52_pop_5,0.531259,0.529964,0.476531,0.597880
q_ind_53_pop_5,0.517904,0.518600,0.459516,0.575217
q_ind_54_pop_5,0.298501,0.295682,0.259774,0.352860
q_ind_55_pop_5,0.527924,0.526708,0.473279,0.595351
q_ind_56_pop_5,0.537759,0.537439,0.482439,0.592846
q_ind_57_pop_5,0.487467,0.486565,0.432395,0.544369
q_ind_58_pop_5,0.543027,0.542438,0.484250,0.609561
q_ind_59_pop_5,0.559749,0.559772,0.507301,0.611707
q_ind_60_pop_5,0.004150,0.000913,0.000000,0.023825
q_ind_61_pop_5,0.027647,0.027796,0.000000,0.069872
q_ind_62_pop_5,0.067242,0.066887,0.034565,0.100909
q_ind_63_pop_5,0.045224,0.044940,0.012610,0.076942
q_ind_64_pop_5,0.041649,0.041446,0.013953,0.072177
q_ind_65_pop_5,0.035891,0.036224,0.001661,0.071392
q_ind_66_pop_5,0.038122,0.038520,0.000007,0.085592
q_ind_67_pop_5,0.105178,0.104514,0.068041,0.145877
q_ind_68_pop_5,0.011342,0.004695,0.000000,0.047187
q_ind_69_pop_5,0.000833,0.000143,0.000000,0.005705
q_ind_70_pop_5,0.000738,0.000126,0.000000,0.005094
q_ind_71_pop_5,0.002486,0.000535,0.000000,0.014902
q_ind_72_pop_5,0.001178,0.000199,0.000000,0.007682
q_ind_73_pop_5,0.004727,0.001781,0.000000,0.023633
q_ind_74_pop_5,0.003787,0.000649,0.000000,0.023166
q_ind_75_pop_5,0.002088,0.000430,0.000000,0.013936
q_ind_76_pop_5,0.001487,0.000289,0.000000,0.009375
q_ind_77_pop_5,0.002419,0.000727,0.000000,0.012512
q_ind_78_pop_5,0.001204,0.000191,0.000000,0.008394
q_ind_79_pop_5,0.009172,0.007149,0.000000,0.030011
q_ind_80_pop_5,0.171566,0.170478,0.126769,0.222088
q_ind_81_pop_5,0.185175,0.184444,0.138060,0.234540
q_ind_82_pop_5,0.220980,0.219972,0.167850,0.275798
q_ind_83_pop_5,0.180900,0.179243,0.140167,0.232181
q_ind_84_pop_5,0.193268,0.192366,0.143895,0.249770
q_ind_85_pop_5,0.181914,0.180371,0.136930,0.236212
q_ind_86_pop_5,0.122381,0.122334,0.084707,0.160128
q_ind_87_pop_5,0.171375,0.170113,0.126916,0.222053
q_ind_88_pop_5,0.944945,0.944886,0.898527,0.985985
q_ind_89_pop_5,0.952677,0.953277,0.906000,0.994282
q_ind_90_pop_5,0.350578,0.348724,0.309840,0.403106
q_ind_91_pop_5,0.334692,0.330071,0.300528,0.393816
q_ind_92_pop_5,0.987663,0.990792,0.960928,0.999768
q_ind_93_pop_5,0.990960,0.994821,0.963804,0.999861
q_ind_94_pop_5,0.954947,0.955531,0.919162,0.989336
q_ind_95_pop_5,0.992936,0.995651,0.971794,0.999873
q_ind_96_pop_5,0.365699,0.360868,0.320949,0.442580
q_ind_97_pop_5,0.885313,0.885009,0.844267,0.929557
q_ind_98_pop_5,0.001300,0.000225,0.000000,0.009115
q_ind_99_pop_5,0.004456,0.000980,0.000000,0.027318
q_ind_100_pop_5,0.003996,0.000814,0.000000,0.023515
q_ind_101_pop_5,0.006470,0.002522,0.000000,0.029388
q_ind_102_pop_5,0.009215,0.004726,0.000000,0.036700
q_ind_103_pop_5,0.090367,0.090341,0.054146,0.127297
q_ind_104_pop_5,0.003499,0.000581,0.000000,0.024833
q_ind_105_pop_5,0.016816,0.014053,0.000001,0.051130
q_ind_106_pop_5,0.844787,0.845621,0.793504,0.890637
q_ind_107_pop_5,0.916901,0.918003,0.867498,0.964573
q_ind_108_pop_5,0.922347,0.921661,0.875294,0.978719
q_ind_109_pop_5,0.867862,0.866967,0.824858,0.915899
q_ind_110_pop_5,0.969748,0.972979,0.922585,0.999019
q_ind_111_pop_5,0.913270,0.913873,0.870854,0.952990
q_ind_112_pop_5,0.953254,0.953354,0.902732,0.996815
q_ind_113_pop_5,0.926836,0.926575,0.879317,0.975735
q_ind_114_pop_5,0.653355,0.652509,0.603545,0.708004
q_ind_115_pop_5,0.000998,0.000147,0.000000,0.006686
q_ind_116_pop_5,0.006645,0.001988,0.000000,0.032482
q_ind_117_pop_5,0.026741,0.025775,0.004607,0.054677
q_ind_118_pop_5,0.013524,0.009944,0.000000,0.043823
q_ind_119_pop_5,0.004866,0.001855,0.000000,0.024871
q_ind_120_pop_5,0.012508,0.008393,0.000000,0.046423
q_ind_121_pop_5,0.070141,0.068192,0.036383,0.112384
q_ind_122_pop_5,0.022804,0.021909,0.000018,0.056758
q_ind_123_pop_5,0.004251,0.001206,0.000000,0.023112
q_ind_124_pop_5,0.005342,0.001373,0.000000,0.027446
q_ind_125_pop_5,0.003256,0.000637,0.000000,0.018937
q_ind_126_pop_5,0.005672,0.002148,0.000000,0.028143
q_ind_127_pop_5,0.003610,0.001406,0.000000,0.016193
q_ind_128_pop_5,0.002651,0.000318,0.000000,0.020790
q_ind_129_pop_5,0.010798,0.007641,0.000000,0.036919
q_ind_130_pop_5,0.023471,0.022244,0.000027,0.056601
q_ind_131_pop_5,0.004358,0.001609,0.000000,0.019901
q_ind_132_pop_5,0.095297,0.095332,0.058507,0.133188
q_ind_133_pop_5,0.005801,0.002331,0.000000,0.025825
q_ind_134_pop_5,0.006371,0.002272,0.000000,0.029207
q_ind_135_pop_5,0.001315,0.000260,0.000000,0.008326
q_ind_136_pop_5,0.007068,0.004367,0.000000,0.026562
q_ind_137_pop_5,0.000980,0.000181,0.000000,0.006248
q_ind_138_pop_5,0.001572,0.000255,0.000000,0.010738
q_ind_139_pop_5,0.000767,0.000131,0.000000,0.005193
q_ind_140_pop_5,0.000845,0.000129,0.000000,0.005814
q_ind_141_pop_5,0.001175,0.000205,0.000000,0.007947
q_ind_142_pop_5,0.000692,0.000120,0.000000,0.004896
q_ind_143_pop_5,0.001470,0.000254,0.000000,0.009824
q_ind_144_pop_5,0.007133,0.004100,0.000000,0.029431
q_ind_145_pop_5,0.002270,0.000427,0.000000,0.014194
q_ind_146_pop_5,0.002903,0.000549,0.000000,0.018158
q_ind_147_pop_5,0.037920,0.038704,0.000270,0.075515
q_ind_148_pop_5,0.001791,0.000300,0.000000,0.012110
q_ind_149_pop_5,0.002630,0.000452,0.000000,0.018857
q_ind_150_pop_5,0.002254,0.000366,0.000000,0.015404
q_ind_151_pop_5,0.002492,0.000461,0.000000,0.014900
q_ind_152_pop_5,0.054128,0.053968,0.012884,0.100292
q_ind_153_pop_5,0.001853,0.000247,0.000000,0.013623
q_ind_154_pop_5,0.034271,0.035257,0.000103,0.071530
q_ind_155_pop_5,0.031750,0.031164,0.008161,0.057580
q_ind_156_pop_5,0.001200,0.000210,0.000000,0.008281
q_ind_157_pop_5,0.001336,0.000266,0.000000,0.008930
q_ind_158_pop_5,0.001373,0.000288,0.000000,0.008406
q_ind_159_pop_5,0.000644,0.000086,0.000000,0.004703
q_ind_160_pop_5,0.047209,0.046596,0.020949,0.075022
q_ind_161_pop_5,0.001731,0.000298,0.000000,0.011010
q_ind_162_pop_5,0.000698,0.000128,0.000000,0.005036
q_ind_163_pop_5,0.003435,0.000833,0.000000,0.018644
q_ind_164_pop_5,0.008138,0.003547,0.000000,0.035919
q_ind_165_pop_5,0.011743,0.006919,0.000000,0.044687
q_ind_166_pop_5,0.008473,0.003739,0.000000,0.037023
q_ind_167_pop_5,0.002045,0.000435,0.000000,0.013187
q_ind_168_pop_5,0.004651,0.001159,0.000000,0.026397
q_ind_169_pop_5,0.001830,0.000403,0.000000,0.011981
q_ind_170_pop_5,0.009086,0.002528,0.000000,0.041324
q_ind_171_pop_5,0.003008,0.000645,0.000000,0.018515
q_ind_172_pop_5,0.000450,0.000080,0.000000,0.003040
q_ind_173_pop_5,0.000855,0.000156,0.000000,0.005759
q_ind_174_pop_5,0.000967,0.000169,0.000000,0.006642
q_ind_175_pop_5,0.000524,0.000081,0.000000,0.003873
q_ind_176_pop_5,0.001006,0.000146,0.000000,0.007323
q_ind_177_pop_5,0.025043,0.025183,0.000003,0.055232
q_ind_178_pop_5,0.000846,0.000151,0.000000,0.005543
q_ind_179_pop_5,0.001251,0.000232,0.000000,0.008088
q_ind_180_pop_5,0.002621,0.000546,0.000000,0.015761
q_ind_181_pop_5,0.002263,0.000362,0.000000,0.014331
q_ind_182_pop_5,0.003952,0.001070,0.000000,0.020328
q_ind_183_pop_5,0.008342,0.003946,0.000000,0.035625
q_ind_184_pop_5,0.002093,0.000307,0.000000,0.015274
q_ind_185_pop_5,0.000953,0.000176,0.000000,0.006517
q_ind_186_pop_5,0.002420,0.000581,0.000000,0.014502
q_ind_187_pop_5,0.001222,0.000212,0.000000,0.007845
q_ind_188_pop_5,0.159664,0.160439,0.108134,0.211758
q_ind_189_pop_5,0.031656,0.030755,0.003668,0.064601
q_ind_190_pop_5,0.013248,0.007742,0.000000,0.050799
q_ind_191_pop_5,0.004874,0.001332,0.000000,0.027858
q_ind_192_pop_5,0.023739,0.020624,0.000001,0.067259
q_ind_193_pop_5,0.003310,0.000691,0.000000,0.019963
q_ind_194_pop_5,0.065658,0.064116,0.028055,0.107199
q_ind_195_pop_5,0.028349,0.028227,0.000484,0.059677
q_ind_196_pop_5,0.049219,0.048361,0.018545,0.083238
q_ind_197_pop_5,0.064683,0.064288,0.030449,0.102245
q_ind_198_pop_5,0.014778,0.012425,0.000000,0.043575
q_ind_199_pop_5,0.042131,0.042937,0.007776,0.072703
q_ind_200_pop_5,0.127949,0.127515,0.096122,0.161220
q_ind_201_pop_5,0.051776,0.050879,0.022714,0.084738
q_ind_202_pop_5,0.027087,0.026319,0.000107,0.059865
q_ind_203_pop_5,0.062426,0.061658,0.031386,0.096503
q_ind_204_pop_5,0.038989,0.038531,0.005397,0.072150
q_ind_205_pop_5,0.042764,0.041393,0.014352,0.079306
q_ind_206_pop_5,0.069776,0.069025,0.041585,0.101827
q_ind_207_pop_5,0.047286,0.047474,0.013765,0.077991
q_ind_208_pop_5,0.106837,0.106469,0.074124,0.139773
q_ind_209_pop_5,0.056135,0.055928,0.030151,0.082955
q_ind_210_pop_5,0.067008,0.066868,0.032703,0.102178
q_ind_211_pop_5,0.044081,0.044608,0.000387,0.076554
q_ind_212_pop_5,0.062535,0.062677,0.026694,0.096555
q_ind_213_pop_5,0.060915,0.061712,0.021930,0.095714
q_ind_214_pop_5,0.075390,0.074597,0.041428,0.111271
q_ind_215_pop_5,0.057801,0.057404,0.026435,0.091108
q_ind_216_pop_5,0.124233,0.123928,0.089398,0.161277
q_ind_217_pop_5,0.063004,0.063504,0.026008,0.100639
q_ind_218_pop_5,0.071529,0.071429,0.037217,0.108446
q_ind_219_pop_5,0.104590,0.104760,0.065682,0.141051
q_ind_220_pop_5,0.060727,0.060578,0.028299,0.095443
q_ind_221_pop_5,0.121140,0.120599,0.082213,0.161979
q_ind_0_pop_6,0.165931,0.164452,0.106039,0.241607
q_ind_1_pop_6,0.136280,0.132125,0.074748,0.222219
q_ind_2_pop_6,0.103964,0.100655,0.038490,0.196521
q_ind_3_pop_6,0.106734,0.100808,0.055997,0.193914
q_ind_4_pop_6,0.220250,0.218637,0.171700,0.281381
q_ind_5_pop_6,0.129861,0.125950,0.067351,0.220680
q_ind_6_pop_6,0.110759,0.107220,0.048645,0.211801
q_ind_7_pop_6,0.114311,0.109392,0.054332,0.206310
q_ind_8_pop_6,0.103543,0.097762,0.046586,0.203291
q_ind_9_pop_6,0.098824,0.094364,0.039432,0.193799
q_ind_10_pop_6,0.106727,0.099971,0.044974,0.202571
q_ind_11_pop_6,0.124802,0.119577,0.060791,0.217963
q_ind_12_pop_6,0.218624,0.220533,0.138686,0.281296
q_ind_13_pop_6,0.214473,0.207552,0.140484,0.296578
q_ind_14_pop_6,0.228311,0.229334,0.150910,0.296596
q_ind_15_pop_6,0.228704,0.230533,0.163396,0.280582
q_ind_16_pop_6,0.216044,0.216844,0.136621,0.276968
q_ind_17_pop_6,0.189889,0.188824,0.138475,0.249952
q_ind_18_pop_6,0.241538,0.242765,0.168840,0.295176
q_ind_19_pop_6,0.210089,0.212273,0.161740,0.244779
q_ind_20_pop_6,0.220793,0.223490,0.170984,0.254080
q_ind_21_pop_6,0.234169,0.236751,0.183793,0.268775
q_ind_22_pop_6,0.228910,0.230653,0.186793,0.260814
q_ind_23_pop_6,0.248582,0.247522,0.208574,0.291027
q_ind_24_pop_6,0.232506,0.233325,0.191817,0.265932
q_ind_25_pop_6,0.214959,0.216685,0.165825,0.251210
q_ind_26_pop_6,0.222108,0.223551,0.179354,0.254371
q_ind_27_pop_6,0.221784,0.223335,0.178284,0.253685
q_ind_28_pop_6,0.218833,0.220729,0.168739,0.253940
q_ind_29_pop_6,0.236295,0.238129,0.192453,0.266153
q_ind_30_pop_6,0.032118,0.034032,0.000026,0.056461
q_ind_31_pop_6,0.019329,0.016442,0.000001,0.057362
q_ind_32_pop_6,0.041484,0.042370,0.000826,0.072368
q_ind_33_pop_6,0.001468,0.000257,0.000000,0.010527
q_ind_34_pop_6,0.045883,0.048146,0.000276,0.073299
q_ind_35_pop_6,0.000759,0.000113,0.000000,0.005442
q_ind_36_pop_6,0.050984,0.052240,0.017578,0.075096
q_ind_37_pop_6,0.002028,0.000527,0.000000,0.011407
q_ind_38_pop_6,0.149684,0.151513,0.088287,0.193224
q_ind_39_pop_6,0.048501,0.049609,0.011165,0.078704
q_ind_40_pop_6,0.088434,0.088287,0.059301,0.119178
q_ind_41_pop_6,0.046018,0.046578,0.013511,0.074290
q_ind_42_pop_6,0.051396,0.052067,0.009784,0.087992
q_ind_43_pop_6,0.019266,0.012611,0.000000,0.064360
q_ind_44_pop_6,0.024953,0.024897,0.000000,0.063855
q_ind_45_pop_6,0.042448,0.046743,0.000002,0.091051
q_ind_46_pop_6,0.033079,0.033297,0.001995,0.060121
q_ind_47_pop_6,0.031416,0.032857,0.000004,0.065565
q_ind_48_pop_6,0.136202,0.136204,0.084388,0.184866
q_ind_49_pop_6,0.138402,0.136111,0.092232,0.190223
q_ind_50_pop_6,0.123411,0.123210,0.062390,0.173299
q_ind_51_pop_6,0.123915,0.122204,0.087328,0.167696
q_ind_52_pop_6,0.109971,0.109120,0.051662,0.159520
q_ind_53_pop_6,0.112118,0.110602,0.057306,0.163885
q_ind_54_pop_6,0.198745,0.201247,0.142073,0.237866
q_ind_55_pop_6,0.111537,0.111548,0.059571,0.157466
q_ind_56_pop_6,0.128120,0.128280,0.081018,0.169958
q_ind_57_pop_6,0.131620,0.131879,0.072403,0.181459
q_ind_58_pop_6,0.131052,0.126229,0.083284,0.196894
q_ind_59_pop_6,0.105372,0.105032,0.060255,0.148507
q_ind_60_pop_6,0.113154,0.113260,0.057556,0.162259
q_ind_61_pop_6,0.160015,0.160933,0.111423,0.206096
q_ind_62_pop_6,0.109913,0.111902,0.041594,0.162378
q_ind_63_pop_6,0.091575,0.100678,0.000118,0.137038
q_ind_64_pop_6,0.110869,0.112504,0.050755,0.151021
q_ind_65_pop_6,0.093541,0.093299,0.047866,0.133669
q_ind_66_pop_6,0.147033,0.150831,0.089991,0.184238
q_ind_67_pop_6,0.177472,0.179006,0.131056,0.213197
q_ind_68_pop_6,0.102470,0.104480,0.048278,0.142768
q_ind_69_pop_6,0.265895,0.269847,0.215657,0.301550
q_ind_70_pop_6,0.256647,0.260492,0.203621,0.294759
q_ind_71_pop_6,0.260789,0.265527,0.206001,0.296435
q_ind_72_pop_6,0.228375,0.230807,0.184188,0.265784
q_ind_73_pop_6,0.270795,0.276721,0.206367,0.314461
q_ind_74_pop_6,0.241947,0.247263,0.166614,0.301917
q_ind_75_pop_6,0.241820,0.246203,0.171776,0.298022
q_ind_76_pop_6,0.230527,0.237539,0.154680,0.280962
q_ind_77_pop_6,0.266732,0.269680,0.213584,0.305020
q_ind_78_pop_6,0.249205,0.251693,0.192256,0.298222
q_ind_79_pop_6,0.245337,0.253343,0.175009,0.291305
q_ind_80_pop_6,0.203246,0.197951,0.156683,0.295078
q_ind_81_pop_6,0.250124,0.243884,0.200192,0.347811
q_ind_82_pop_6,0.241132,0.237289,0.191117,0.318508
q_ind_83_pop_6,0.259704,0.258750,0.200577,0.335459
q_ind_84_pop_6,0.252585,0.248441,0.210899,0.329468
q_ind_85_pop_6,0.254177,0.251532,0.210446,0.326480
q_ind_86_pop_6,0.235011,0.232967,0.183300,0.302581
q_ind_87_pop_6,0.216279,0.213902,0.161281,0.302828
q_ind_88_pop_6,0.016968,0.014570,0.000000,0.047097
q_ind_89_pop_6,0.013849,0.008730,0.000000,0.043340
q_ind_90_pop_6,0.149029,0.151243,0.088417,0.191275
q_ind_91_pop_6,0.183373,0.181570,0.153051,0.224846
q_ind_92_pop_6,0.001982,0.000343,0.000000,0.013345
q_ind_93_pop_6,0.000835,0.000139,0.000000,0.005832
q_ind_94_pop_6,0.001921,0.000304,0.000000,0.012625
q_ind_95_pop_6,0.000906,0.000143,0.000000,0.006518
q_ind_96_pop_6,0.148944,0.149114,0.114202,0.184256
q_ind_97_pop_6,0.036206,0.035707,0.015413,0.059842
q_ind_98_pop_6,0.148575,0.148631,0.110056,0.188634
q_ind_99_pop_6,0.125499,0.124987,0.089946,0.164390
q_ind_100_pop_6,0.114416,0.114359,0.076514,0.154999
q_ind_101_pop_6,0.129262,0.129487,0.092508,0.163884
q_ind_102_pop_6,0.120368,0.119815,0.083431,0.159685
q_ind_103_pop_6,0.172763,0.173164,0.123609,0.219256
q_ind_104_pop_6,0.141097,0.140883,0.104666,0.179716
q_ind_105_pop_6,0.140457,0.139653,0.099698,0.186117
q_ind_106_pop_6,0.057913,0.057546,0.027372,0.090158
q_ind_107_pop_6,0.018651,0.008955,0.000000,0.060818
q_ind_108_pop_6,0.036217,0.036829,0.000152,0.061582
q_ind_109_pop_6,0.049969,0.049131,0.013852,0.079701
q_ind_110_pop_6,0.008268,0.001399,0.000000,0.036451
q_ind_111_pop_6,0.038368,0.038289,0.017369,0.060693
q_ind_112_pop_6,0.016812,0.016645,0.000000,0.044218
q_ind_113_pop_6,0.025509,0.027211,0.000001,0.054602
q_ind_114_pop_6,0.092304,0.091742,0.060721,0.127609
q_ind_115_pop_6,0.282798,0.285034,0.240078,0.316004
q_ind_116_pop_6,0.262934,0.263046,0.230014,0.293832
q_ind_117_pop_6,0.286634,0.287237,0.252068,0.317921
q_ind_118_pop_6,0.272779,0.273607,0.230538,0.310515
q_ind_119_pop_6,0.264095,0.264806,0.232044,0.294871
q_ind_120_pop_6,0.218261,0.219306,0.177307,0.251905
q_ind_121_pop_6,0.281818,0.282303,0.244004,0.316944
q_ind_122_pop_6,0.306753,0.307009,0.277154,0.334924
q_ind_123_pop_6,0.212281,0.215858,0.153906,0.255842
q_ind_124_pop_6,0.214467,0.217737,0.157697,0.249404
q_ind_125_pop_6,0.209509,0.212942,0.156226,0.244558
q_ind_126_pop_6,0.211929,0.215750,0.153799,0.253358
q_ind_127_pop_6,0.222382,0.223921,0.177853,0.253994
q_ind_128_pop_6,0.271104,0.275582,0.205528,0.307607
q_ind_129_pop_6,0.235125,0.238082,0.182770,0.270322
q_ind_130_pop_6,0.213816,0.214544,0.169579,0.251175
q_ind_131_pop_6,0.205025,0.207670,0.151216,0.243283
q_ind_132_pop_6,0.270333,0.274306,0.192342,0.318206
q_ind_133_pop_6,0.215338,0.217898,0.165980,0.247502
q_ind_134_pop_6,0.192616,0.197191,0.126438,0.230834
q_ind_135_pop_6,0.151012,0.145938,0.076493,0.269324
q_ind_136_pop_6,0.120611,0.113190,0.060241,0.237646
q_ind_137_pop_6,0.123613,0.117560,0.060278,0.241637
q_ind_138_pop_6,0.158673,0.155989,0.076365,0.276582
q_ind_139_pop_6,0.133100,0.124594,0.063817,0.278201
q_ind_140_pop_6,0.117662,0.110895,0.053189,0.245386
q_ind_141_pop_6,0.125415,0.118754,0.055138,0.267976
q_ind_142_pop_6,0.148802,0.143419,0.074702,0.285637
q_ind_143_pop_6,0.130790,0.125222,0.058407,0.265018
q_ind_144_pop_6,0.161839,0.161267,0.126459,0.198675
q_ind_145_pop_6,0.145639,0.145049,0.114292,0.182730
q_ind_146_pop_6,0.117239,0.117633,0.084399,0.148998
q_ind_147_pop_6,0.255654,0.259290,0.194106,0.296644
q_ind_148_pop_6,0.315981,0.315265,0.281250,0.358283
q_ind_149_pop_6,0.203743,0.205745,0.149731,0.246785
q_ind_150_pop_6,0.223292,0.226094,0.170499,0.258138
q_ind_151_pop_6,0.215399,0.219256,0.154569,0.254141
q_ind_152_pop_6,0.241083,0.244084,0.167986,0.293028
q_ind_153_pop_6,0.230604,0.234925,0.166225,0.265328
q_ind_154_pop_6,0.244884,0.244475,0.207143,0.284319
q_ind_155_pop_6,0.309100,0.317698,0.198040,0.398747
q_ind_156_pop_6,0.304085,0.309605,0.163022,0.453263
q_ind_157_pop_6,0.291702,0.301062,0.139180,0.446931
q_ind_158_pop_6,0.316363,0.325510,0.177507,0.445082
q_ind_159_pop_6,0.248214,0.252707,0.136868,0.374455
q_ind_160_pop_6,0.285163,0.296284,0.193490,0.344889
q_ind_161_pop_6,0.282402,0.288502,0.155638,0.401227
q_ind_162_pop_6,0.304059,0.311724,0.167133,0.446468
q_ind_163_pop_6,0.340890,0.351040,0.216614,0.451426
q_ind_164_pop_6,0.151201,0.151845,0.071532,0.213015
q_ind_165_pop_6,0.141938,0.139715,0.054659,0.214261
q_ind_166_pop_6,0.147183,0.143727,0.080758,0.216034
q_ind_167_pop_6,0.126395,0.125869,0.065518,0.179473
q_ind_168_pop_6,0.172502,0.173835,0.100364,0.228648
q_ind_169_pop_6,0.156778,0.156371,0.087101,0.219055
q_ind_170_pop_6,0.024838,0.024687,0.000001,0.064214
q_ind_171_pop_6,0.026747,0.025777,0.000020,0.062029
q_ind_172_pop_6,0.000359,0.000054,0.000000,0.002334
q_ind_173_pop_6,0.030197,0.023684,0.000001,0.082716
q_ind_174_pop_6,0.000587,0.000093,0.000000,0.004013
q_ind_175_pop_6,0.000451,0.000062,0.000000,0.003236
q_ind_176_pop_6,0.028924,0.026472,0.000000,0.074497
q_ind_177_pop_6,0.173065,0.174360,0.122492,0.215951
q_ind_178_pop_6,0.018289,0.006923,0.000000,0.064483
q_ind_179_pop_6,0.042916,0.039133,0.000063,0.110323
q_ind_180_pop_6,0.067827,0.064257,0.023303,0.130065
q_ind_181_pop_6,0.079297,0.076823,0.039190,0.127880
q_ind_182_pop_6,0.057736,0.053671,0.002640,0.123068
q_ind_183_pop_6,0.079855,0.077648,0.041446,0.132531
q_ind_184_pop_6,0.203554,0.202193,0.152030,0.261627
q_ind_185_pop_6,0.078301,0.074230,0.035310,0.139539
q_ind_186_pop_6,0.045640,0.044274,0.000030,0.104189
q_ind_187_pop_6,0.073872,0.070632,0.033744,0.128538
q_ind_188_pop_6,0.234137,0.236326,0.169874,0.280314
q_ind_189_pop_6,0.274519,0.277703,0.200341,0.321102
q_ind_190_pop_6,0.293926,0.299172,0.220930,0.339978
q_ind_191_pop_6,0.308714,0.309575,0.265897,0.344601
q_ind_192_pop_6,0.272574,0.274383,0.213436,0.315857
q_ind_193_pop_6,0.289651,0.293334,0.212407,0.337611
q_ind_194_pop_6,0.300304,0.302394,0.247826,0.334949
q_ind_195_pop_6,0.284978,0.289913,0.209397,0.328515
q_ind_196_pop_6,0.308590,0.313319,0.236226,0.347735
q_ind_197_pop_6,0.252742,0.254127,0.206025,0.294104
q_ind_198_pop_6,0.281939,0.284596,0.225089,0.323135
q_ind_199_pop_6,0.223463,0.224699,0.180290,0.264725
q_ind_200_pop_6,0.248649,0.248479,0.218058,0.279659
q_ind_201_pop_6,0.117047,0.113942,0.070345,0.181939
q_ind_202_pop_6,0.224354,0.224811,0.171567,0.276802
q_ind_203_pop_6,0.104605,0.104558,0.047325,0.158263
q_ind_204_pop_6,0.144907,0.141314,0.085889,0.220685
q_ind_205_pop_6,0.141379,0.140171,0.091455,0.199864
q_ind_206_pop_6,0.115802,0.116277,0.071513,0.162021
q_ind_207_pop_6,0.181222,0.178434,0.136451,0.245855
q_ind_208_pop_6,0.181425,0.181407,0.144549,0.218082
q_ind_209_pop_6,0.143715,0.142065,0.093170,0.204826
q_ind_210_pop_6,0.053184,0.055721,0.002434,0.093109
q_ind_211_pop_6,0.092150,0.092981,0.054599,0.122361
q_ind_212_pop_6,0.068618,0.070529,0.012090,0.102613
q_ind_213_pop_6,0.068423,0.069235,0.015518,0.108147
q_ind_214_pop_6,0.074296,0.076173,0.031942,0.105572
q_ind_215_pop_6,0.067869,0.071029,0.000114,0.104463
q_ind_216_pop_6,0.110882,0.111613,0.066680,0.146813
q_ind_217_pop_6,0.126032,0.127295,0.081711,0.160275
q_ind_218_pop_6,0.085985,0.086530,0.042661,0.123306
q_ind_219_pop_6,0.118266,0.131927,0.000002,0.174945
q_ind_220_pop_6,0.057266,0.061145,0.000025,0.095054
q_ind_221_pop_6,0.120907,0.124283,0.040510,0.182283
