param,mean,median,ci_0.950_LB,ci_0.950_UB
Q_ind_1_anc_1-1,0.000502,0.000003,0.000000,0.004580
Q_ind_2_anc_1-1,0.000444,0.000002,0.000000,0.004437
Q_ind_3_anc_1-1,0.001095,0.000007,0.000000,0.011012
Q_ind_4_anc_1-1,0.000865,0.000006,0.000000,0.008353
Q_ind_5_anc_1-1,0.000310,0.000002,0.000000,0.003102
Q_ind_6_anc_1-1,0.000592,0.000003,0.000000,0.005727
Q_ind_7_anc_1-1,0.000747,0.000003,0.000000,0.007014
Q_ind_8_anc_1-1,0.001257,0.000008,0.000000,0.010981
Q_ind_9_anc_1-1,0.000671,0.000004,0.000000,0.006581
Q_ind_10_anc_1-1,0.000441,0.000002,0.000000,0.004444
Q_ind_11_anc_1-1,0.002290,0.000027,0.000000,0.018100
Q_ind_12_anc_1-1,0.000894,0.000006,0.000000,0.008273
Q_ind_13_anc_1-1,0.107179,0.106998,0.016926,0.189982
Q_ind_14_anc_1-1,0.069798,0.070597,0.000000,0.168540
Q_ind_15_anc_1-1,0.152134,0.157005,0.000001,0.275244
Q_ind_16_anc_1-1,0.087763,0.088881,0.000000,0.204097
Q_ind_17_anc_1-1,0.072735,0.077656,0.000000,0.166508
Q_ind_18_anc_1-1,0.195224,0.194960,0.105199,0.295116
Q_ind_19_anc_1-1,0.098893,0.102671,0.000013,0.179493
Q_ind_20_anc_1-1,0.001086,0.000004,0.000000,0.010846
Q_ind_21_anc_1-1,0.003976,0.000058,0.000000,0.030860
Q_ind_22_anc_1-1,0.005157,0.000161,0.000000,0.034164
Q_ind_23_anc_1-1,0.000733,0.000004,0.000000,0.006727
Q_ind_24_anc_1-1,0.001652,0.000011,0.000000,0.017787
Q_ind_25_anc_1-1,0.001372,0.000008,0.000000,0.012779
Q_ind_26_anc_1-1,0.000920,0.000006,0.000000,0.008564
Q_ind_27_anc_1-1,0.001229,0.000009,0.000000,0.011898
Q_ind_28_anc_1-1,0.001276,0.000008,0.000000,0.012724
Q_ind_29_anc_1-1,0.002103,0.000017,0.000000,0.019518
Q_ind_30_anc_1-1,0.003564,0.000084,0.000000,0.024937
Q_ind_31_anc_1-1,0.000722,0.000003,0.000000,0.006984
Q_ind_32_anc_1-1,0.018132,0.000443,0.000000,0.114584
Q_ind_33_anc_1-1,0.001593,0.000009,0.000000,0.017596
Q_ind_34_anc_1-1,0.001647,0.000008,0.000000,0.016350
Q_ind_35_anc_1-1,0.001004,0.000005,0.000000,0.009870
Q_ind_36_anc_1-1,0.000939,0.000006,0.000000,0.009269
Q_ind_37_anc_1-1,0.001242,0.000005,0.000000,0.013318
Q_ind_38_anc_1-1,0.000934,0.000005,0.000000,0.009259
Q_ind_39_anc_1-1,0.000675,0.000003,0.000000,0.006676
Q_ind_40_anc_1-1,0.016003,0.000324,0.000000,0.101571
Q_ind_41_anc_1-1,0.000772,0.000003,0.000000,0.007964
Q_ind_42_anc_1-1,0.813747,0.820754,0.704066,0.888866
Q_ind_43_anc_1-1,0.852509,0.853682,0.797672,0.898783
Q_ind_44_anc_1-1,0.877803,0.878821,0.826855,0.923554
Q_ind_45_anc_1-1,0.901430,0.903044,0.853751,0.942567
Q_ind_46_anc_1-1,0.845974,0.853120,0.743048,0.917418
Q_ind_47_anc_1-1,0.881822,0.882427,0.834550,0.923175
Q_ind_48_anc_1-1,0.856790,0.864612,0.752446,0.930257
Q_ind_49_anc_1-1,0.594685,0.595798,0.511195,0.671827
Q_ind_50_anc_1-1,0.580582,0.581724,0.497852,0.658399
Q_ind_51_anc_1-1,0.648705,0.649286,0.569824,0.727346
Q_ind_52_anc_1-1,0.618801,0.619738,0.535665,0.694546
Q_ind_53_anc_1-1,0.689761,0.690867,0.615254,0.761766
Q_ind_54_anc_1-1,0.623363,0.623677,0.545295,0.701142
Q_ind_55_anc_1-1,0.005622,0.000048,0.000000,0.052229
Q_ind_56_anc_1-1,0.692265,0.692622,0.619284,0.765045
Q_ind_57_anc_1-1,0.612228,0.612712,0.526396,0.696039
Q_ind_58_anc_1-1,0.587897,0.587565,0.506461,0.669464
Q_ind_59_anc_1-1,0.660618,0.660581,0.577876,0.739014
Q_ind_60_anc_1-1,0.674689,0.673657,0.587713,0.762682
Q_ind_61_anc_1-1,0.425014,0.425245,0.315857,0.544634
Q_ind_62_anc_1-1,0.007522,0.000071,0.000000,0.067451
Q_ind_63_anc_1-1,0.006284,0.000147,0.000000,0.045140
Q_ind_64_anc_1-1,0.499803,0.508957,0.362317,0.601217
Q_ind_65_anc_1-1,0.498100,0.507160,0.391400,0.576179
Q_ind_66_anc_1-1,0.455434,0.452025,0.331133,0.587882
Q_ind_67_anc_1-1,0.016760,0.000959,0.000000,0.092231
Q_ind_68_anc_1-1,0.002045,0.000011,0.000000,0.022883
Q_ind_69_anc_1-1,0.562426,0.569314,0.461609,0.622604
Q_ind_70_anc_1-1,0.000502,0.000003,0.000000,0.004967
Q_ind_71_anc_1-1,0.000474,0.000002,0.000000,0.004840
Q_ind_72_anc_1-1,0.000545,0.000003,0.000000,0.005286
Q_ind_73_anc_1-1,0.000540,0.000003,0.000000,0.005333
Q_ind_74_anc_1-1,0.001760,0.000010,0.000000,0.016062
Q_ind_75_anc_1-1,0.001692,0.000017,0.000000,0.014465
Q_ind_76_anc_1-1,0.001085,0.000007,0.000000,0.010248
Q_ind_77_anc_1-1,0.000576,0.000003,0.000000,0.005759
Q_ind_78_anc_1-1,0.000697,0.000004,0.000000,0.006602
Q_ind_79_anc_1-1,0.000833,0.000006,0.000000,0.008105
Q_ind_80_anc_1-1,0.002629,0.000059,0.000000,0.018754
Q_ind_81_anc_1-1,0.235510,0.236188,0.179090,0.290846
Q_ind_82_anc_1-1,0.246149,0.247282,0.191513,0.294156
Q_ind_83_anc_1-1,0.302672,0.304362,0.228029,0.361418
Q_ind_84_anc_1-1,0.262518,0.263931,0.204062,0.312516
Q_ind_85_anc_1-1,0.078928,0.052834,0.000000,0.264620
Q_ind_86_anc_1-1,0.249581,0.254621,0.164197,0.310472
Q_ind_87_anc_1-1,0.000920,0.000004,0.000000,0.008825
Q_ind_88_anc_1-1,0.235356,0.238662,0.147028,0.301602
Q_ind_89_anc_1-1,0.993282,0.996534,0.968496,0.999994
Q_ind_90_anc_1-1,0.994984,0.997477,0.976383,0.999995
Q_ind_91_anc_1-1,0.001066,0.000006,0.000000,0.010707
Q_ind_92_anc_1-1,0.000781,0.000005,0.000000,0.007922
Q_ind_93_anc_1-1,0.996990,0.998774,0.984157,0.999998
Q_ind_94_anc_1-1,0.997901,0.999058,0.989225,0.999998
Q_ind_95_anc_1-1,0.994307,0.996988,0.974495,0.999994
Q_ind_96_anc_1-1,0.998235,0.999176,0.991332,0.999998
Q_ind_97_anc_1-1,0.000863,0.000005,0.000000,0.008802
Q_ind_98_anc_1-1,0.924487,0.927291,0.864727,0.970578
Q_ind_99_anc_1-1,0.019563,0.000417,0.000000,0.145153
Q_ind_100_anc_1-1,0.026543,0.005849,0.000000,0.123343
Q_ind_101_anc_1-1,0.180766,0.191643,0.017988,0.262312
Q_ind_102_anc_1-1,0.008832,0.000115,0.000000,0.076944
Q_ind_103_anc_1-1,0.133526,0.127217,0.034577,0.250025
Q_ind_104_anc_1-1,0.001291,0.000005,0.000000,0.011784
Q_ind_105_anc_1-1,0.117372,0.128189,0.000000,0.203242
Q_ind_106_anc_1-1,0.085762,0.039046,0.000000,0.249456
Q_ind_107_anc_1-1,0.986547,0.990805,0.950149,0.999975
Q_ind_108_anc_1-1,0.990203,0.993675,0.961957,0.999986
Q_ind_109_anc_1-1,0.993995,0.996825,0.974013,0.999992
Q_ind_110_anc_1-1,0.975533,0.978898,0.926704,0.999929
Q_ind_111_anc_1-1,0.996161,0.998088,0.982153,0.999998
Q_ind_112_anc_1-1,0.990309,0.993389,0.965055,0.999982
Q_ind_113_anc_1-1,0.995526,0.997604,0.979767,0.999996
Q_ind_114_anc_1-1,0.991132,0.995296,0.962160,0.999991
Q_ind_115_anc_1-1,0.634832,0.634010,0.559153,0.713140
Q_ind_116_anc_1-1,0.000765,0.000005,0.000000,0.007621
Q_ind_117_anc_1-1,0.009672,0.001604,0.000000,0.046952
Q_ind_118_anc_1-1,0.018482,0.014661,0.000000,0.059024
Q_ind_119_anc_1-1,0.009352,0.001057,0.000000,0.048339
Q_ind_120_anc_1-1,0.001881,0.000010,0.000000,0.018805
Q_ind_121_anc_1-1,0.005829,0.000164,0.000000,0.037744
Q_ind_122_anc_1-1,0.000451,0.000003,0.000000,0.004382
Q_ind_123_anc_1-1,0.000294,0.000001,0.000000,0.002843
Q_ind_124_anc_1-1,0.011884,0.005212,0.000000,0.049078
Q_ind_125_anc_1-1,0.007700,0.000137,0.000000,0.049448
Q_ind_126_anc_1-1,0.010011,0.003581,0.000000,0.040894
Q_ind_127_anc_1-1,0.002957,0.000017,0.000000,0.030924
Q_ind_128_anc_1-1,0.001489,0.000010,0.000000,0.013624
Q_ind_129_anc_1-1,0.000283,0.000002,0.000000,0.002833
Q_ind_130_anc_1-1,0.000580,0.000002,0.000000,0.005777
Q_ind_131_anc_1-1,0.003098,0.000018,0.000000,0.029022
Q_ind_132_anc_1-1,0.002256,0.000015,0.000000,0.020819
Q_ind_133_anc_1-1,0.000271,0.000001,0.000000,0.002790
Q_ind_134_anc_1-1,0.006225,0.000199,0.000000,0.042868
Q_ind_135_anc_1-1,0.032835,0.032592,0.000340,0.066884
Q_ind_136_anc_1-1,0.000506,0.000003,0.000000,0.004731
Q_ind_137_anc_1-1,0.007695,0.003188,0.000000,0.032420
Q_ind_138_anc_1-1,0.000820,0.000004,0.000000,0.008251
Q_ind_139_anc_1-1,0.000484,0.000002,0.000000,0.004840
Q_ind_140_anc_1-1,0.000689,0.000004,0.000000,0.007173
Q_ind_141_anc_1-1,0.000550,0.000003,0.000000,0.005590
Q_ind_142_anc_1-1,0.001318,0.000007,0.000000,0.013005
Q_ind_143_anc_1-1,0.000373,0.000002,0.000000,0.003839
Q_ind_144_anc_1-1,0.000915,0.000004,0.000000,0.008937
Q_ind_145_anc_1-1,0.001827,0.000006,0.000000,0.019897
Q_ind_146_anc_1-1,0.002508,0.000017,0.000000,0.027941
Q_ind_147_anc_1-1,0.030434,0.030598,0.000000,0.078811
Q_ind_148_anc_1-1,0.000423,0.000002,0.000000,0.004038
Q_ind_149_anc_1-1,0.000241,0.000001,0.000000,0.002327
Q_ind_150_anc_1-1,0.003150,0.000026,0.000000,0.026353
Q_ind_151_anc_1-1,0.001226,0.000007,0.000000,0.012132
Q_ind_152_anc_1-1,0.004487,0.000115,0.000000,0.031108
Q_ind_153_anc_1-1,0.000858,0.000005,0.000000,0.008585
Q_ind_154_anc_1-1,0.001513,0.000009,0.000000,0.015628
Q_ind_155_anc_1-1,0.000468,0.000003,0.000000,0.004591
Q_ind_156_anc_1-1,0.000719,0.000004,0.000000,0.006918
Q_ind_157_anc_1-1,0.000816,0.000005,0.000000,0.007633
Q_ind_158_anc_1-1,0.000912,0.000010,0.000000,0.007761
Q_ind_159_anc_1-1,0.000506,0.000002,0.000000,0.004908
Q_ind_160_anc_1-1,0.000589,0.000003,0.000000,0.005278
Q_ind_161_anc_1-1,0.000779,0.000004,0.000000,0.007828
Q_ind_162_anc_1-1,0.000970,0.000006,0.000000,0.009826
Q_ind_163_anc_1-1,0.000462,0.000003,0.000000,0.004639
Q_ind_164_anc_1-1,0.000678,0.000003,0.000000,0.006925
Q_ind_165_anc_1-1,0.174537,0.173616,0.071882,0.286468
Q_ind_166_anc_1-1,0.238505,0.234224,0.139975,0.347638
Q_ind_167_anc_1-1,0.046513,0.029525,0.000000,0.165085
Q_ind_168_anc_1-1,0.272010,0.273405,0.206131,0.329904
Q_ind_169_anc_1-1,0.001987,0.000012,0.000000,0.018146
Q_ind_170_anc_1-1,0.220922,0.227157,0.083031,0.336786
Q_ind_171_anc_1-1,0.000833,0.000005,0.000000,0.008338
Q_ind_172_anc_1-1,0.001006,0.000007,0.000000,0.009279
Q_ind_173_anc_1-1,0.000262,0.000002,0.000000,0.002600
Q_ind_174_anc_1-1,0.000411,0.000003,0.000000,0.003915
Q_ind_175_anc_1-1,0.000492,0.000002,0.000000,0.004706
Q_ind_176_anc_1-1,0.000295,0.000002,0.000000,0.002978
Q_ind_177_anc_1-1,0.000490,0.000003,0.000000,0.005094
Q_ind_178_anc_1-1,0.000336,0.000002,0.000000,0.003327
Q_ind_179_anc_1-1,0.000423,0.000002,0.000000,0.004180
Q_ind_180_anc_1-1,0.002784,0.000022,0.000000,0.023983
Q_ind_181_anc_1-1,0.002458,0.000014,0.000000,0.023024
Q_ind_182_anc_1-1,0.011823,0.000232,0.000000,0.071736
Q_ind_183_anc_1-1,0.011217,0.002500,0.000000,0.049458
Q_ind_184_anc_1-1,0.026748,0.024787,0.000000,0.076509
Q_ind_185_anc_1-1,0.000252,0.000001,0.000000,0.002455
Q_ind_186_anc_1-1,0.005119,0.000102,0.000000,0.033357
Q_ind_187_anc_1-1,0.001379,0.000007,0.000000,0.015026
Q_ind_188_anc_1-1,0.009325,0.000991,0.000000,0.048475
Q_ind_189_anc_1-1,0.000532,0.000003,0.000000,0.005126
Q_ind_190_anc_1-1,0.000787,0.000003,0.000000,0.008289
Q_ind_191_anc_1-1,0.000545,0.000003,0.000000,0.005926
Q_ind_192_anc_1-1,0.000768,0.000004,0.000000,0.007852
Q_ind_193_anc_1-1,0.001391,0.000009,0.000000,0.013784
Q_ind_194_anc_1-1,0.001184,0.000006,0.000000,0.011868
Q_ind_195_anc_1-1,0.000335,0.000002,0.000000,0.003634
Q_ind_196_anc_1-1,0.001644,0.000010,0.000000,0.015414
Q_ind_197_anc_1-1,0.000775,0.000005,0.000000,0.007242
Q_ind_198_anc_1-1,0.000814,0.000004,0.000000,0.007848
Q_ind_199_anc_1-1,0.000818,0.000005,0.000000,0.007936
Q_ind_200_anc_1-1,0.000354,0.000001,0.000000,0.003560
Q_ind_201_anc_1-1,0.000315,0.000001,0.000000,0.003187
Q_ind_202_anc_1-1,0.111830,0.113554,0.000007,0.201446
Q_ind_203_anc_1-1,0.000684,0.000003,0.000000,0.006311
Q_ind_204_anc_1-1,0.152606,0.154569,0.064441,0.237772
Q_ind_205_anc_1-1,0.127068,0.126613,0.060929,0.198157
Q_ind_206_anc_1-1,0.068623,0.067931,0.000000,0.172151
Q_ind_207_anc_1-1,0.054109,0.049713,0.000000,0.158240
Q_ind_208_anc_1-1,0.000313,0.000002,0.000000,0.003156
Q_ind_209_anc_1-1,0.004655,0.000025,0.000000,0.041763
Q_ind_210_anc_1-1,0.067265,0.065007,0.010609,0.133386
Q_ind_211_anc_1-1,0.690476,0.695664,0.595460,0.751221
Q_ind_212_anc_1-1,0.617237,0.635012,0.466045,0.699420
Q_ind_213_anc_1-1,0.678576,0.683864,0.591219,0.734785
Q_ind_214_anc_1-1,0.620318,0.626467,0.495456,0.712047
Q_ind_215_anc_1-1,0.327869,0.326136,0.228753,0.439302
Q_ind_216_anc_1-1,0.606940,0.608147,0.496313,0.703247
Q_ind_217_anc_1-1,0.296531,0.295916,0.216476,0.380686
Q_ind_218_anc_1-1,0.326114,0.322324,0.225030,0.441309
Q_ind_219_anc_1-1,0.490031,0.488318,0.381458,0.614288
Q_ind_220_anc_1-1,0.050086,0.043549,0.000000,0.145276
Q_ind_221_anc_1-1,0.651784,0.653723,0.585039,0.705916
Q_ind_222_anc_1-1,0.108760,0.109756,0.011186,0.189705
Q_ind_1_anc_2-1,0.001378,0.000008,0.000000,0.012953
Q_ind_2_anc_2-1,0.000864,0.000004,0.000000,0.008927
Q_ind_3_anc_2-1,0.002317,0.000012,0.000000,0.023133
Q_ind_4_anc_2-1,0.003379,0.000024,0.000000,0.029335
Q_ind_5_anc_2-1,0.000955,0.000005,0.000000,0.009443
Q_ind_6_anc_2-1,0.001592,0.000008,0.000000,0.015013
Q_ind_7_anc_2-1,0.001400,0.000009,0.000000,0.012593
Q_ind_8_anc_2-1,0.003358,0.000041,0.000000,0.028396
Q_ind_9_anc_2-1,0.001549,0.000004,0.000000,0.017045
Q_ind_10_anc_2-1,0.001150,0.000005,0.000000,0.011669
Q_ind_11_anc_2-1,0.001945,0.000010,0.000000,0.019462
Q_ind_12_anc_2-1,0.005373,0.000107,0.000000,0.041977
Q_ind_13_anc_2-1,0.783528,0.785468,0.666839,0.886530
Q_ind_14_anc_2-1,0.756306,0.757340,0.630545,0.887949
Q_ind_15_anc_2-1,0.688525,0.691216,0.521265,0.843591
Q_ind_16_anc_2-1,0.790110,0.794240,0.656271,0.906049
Q_ind_17_anc_2-1,0.830196,0.832947,0.700308,0.952452
Q_ind_18_anc_2-1,0.645584,0.646505,0.498086,0.777966
Q_ind_19_anc_2-1,0.771343,0.769684,0.663139,0.885640
Q_ind_20_anc_2-1,0.661954,0.663476,0.570553,0.746849
Q_ind_21_anc_2-1,0.016348,0.001175,0.000000,0.086898
Q_ind_22_anc_2-1,0.017723,0.001461,0.000000,0.090591
Q_ind_23_anc_2-1,0.003779,0.000044,0.000000,0.031765
Q_ind_24_anc_2-1,0.038005,0.026705,0.000000,0.127591
Q_ind_25_anc_2-1,0.096695,0.096043,0.026852,0.169493
Q_ind_26_anc_2-1,0.002969,0.000041,0.000000,0.022906
Q_ind_27_anc_2-1,0.013826,0.000343,0.000000,0.085501
Q_ind_28_anc_2-1,0.003200,0.000022,0.000000,0.027715
Q_ind_29_anc_2-1,0.014858,0.000403,0.000000,0.093910
Q_ind_30_anc_2-1,0.007641,0.000088,0.000000,0.056345
Q_ind_31_anc_2-1,0.003697,0.000009,0.000000,0.040243
Q_ind_32_anc_2-1,0.090203,0.081482,0.000000,0.224222
Q_ind_33_anc_2-1,0.035332,0.000293,0.000000,0.192811
Q_ind_34_anc_2-1,0.007345,0.000035,0.000000,0.067916
Q_ind_35_anc_2-1,0.006197,0.000039,0.000000,0.059095
Q_ind_36_anc_2-1,0.003343,0.000025,0.000000,0.030658
Q_ind_37_anc_2-1,0.007810,0.000051,0.000000,0.076728
Q_ind_38_anc_2-1,0.011629,0.000142,0.000000,0.097839
Q_ind_39_anc_2-1,0.010887,0.000146,0.000000,0.090362
Q_ind_40_anc_2-1,0.097099,0.072790,0.000000,0.262174
Q_ind_41_anc_2-1,0.001335,0.000006,0.000000,0.012908
Q_ind_42_anc_2-1,0.073661,0.036928,0.000000,0.254570
Q_ind_43_anc_2-1,0.007302,0.000034,0.000000,0.080090
Q_ind_44_anc_2-1,0.003138,0.000014,0.000000,0.031579
Q_ind_45_anc_2-1,0.004088,0.000034,0.000000,0.036484
Q_ind_46_anc_2-1,0.052469,0.009136,0.000000,0.225262
Q_ind_47_anc_2-1,0.004299,0.000034,0.000000,0.038891
Q_ind_48_anc_2-1,0.080890,0.070026,0.000000,0.229644
Q_ind_49_anc_2-1,0.395022,0.393696,0.314404,0.481765
Q_ind_50_anc_2-1,0.414469,0.413138,0.334452,0.497550
Q_ind_51_anc_2-1,0.342571,0.343106,0.256415,0.423116
Q_ind_52_anc_2-1,0.369632,0.369178,0.282155,0.457331
Q_ind_53_anc_2-1,0.305135,0.304733,0.227956,0.382024
Q_ind_54_anc_2-1,0.367226,0.367826,0.280065,0.448766
Q_ind_55_anc_2-1,0.663846,0.664372,0.558435,0.760604
Q_ind_56_anc_2-1,0.300935,0.300572,0.224673,0.378056
Q_ind_57_anc_2-1,0.372452,0.373121,0.273854,0.466268
Q_ind_58_anc_2-1,0.399306,0.400464,0.308323,0.484700
Q_ind_59_anc_2-1,0.316587,0.317893,0.227125,0.403236
Q_ind_60_anc_2-1,0.288257,0.290396,0.178594,0.389741
Q_ind_61_anc_2-1,0.281232,0.284282,0.047721,0.485584
Q_ind_62_anc_2-1,0.706804,0.709083,0.585562,0.819798
Q_ind_63_anc_2-1,0.796057,0.797347,0.708656,0.877637
Q_ind_64_anc_2-1,0.133000,0.116296,0.000000,0.390579
Q_ind_65_anc_2-1,0.080022,0.048823,0.000000,0.272500
Q_ind_66_anc_2-1,0.229107,0.235308,0.000008,0.445520
Q_ind_67_anc_2-1,0.774120,0.779641,0.652754,0.870367
Q_ind_68_anc_2-1,0.775872,0.778590,0.661304,0.879092
Q_ind_69_anc_2-1,0.032255,0.001115,0.000000,0.201050
Q_ind_70_anc_2-1,0.000959,0.000005,0.000000,0.010385
Q_ind_71_anc_2-1,0.000875,0.000004,0.000000,0.008502
Q_ind_72_anc_2-1,0.001720,0.000011,0.000000,0.017718
Q_ind_73_anc_2-1,0.000642,0.000004,0.000000,0.006280
Q_ind_74_anc_2-1,0.004247,0.000043,0.000000,0.035079
Q_ind_75_anc_2-1,0.001689,0.000008,0.000000,0.016909
Q_ind_76_anc_2-1,0.002930,0.000026,0.000000,0.027058
Q_ind_77_anc_2-1,0.001801,0.000010,0.000000,0.017262
Q_ind_78_anc_2-1,0.001595,0.000012,0.000000,0.014739
Q_ind_79_anc_2-1,0.001672,0.000009,0.000000,0.016391
Q_ind_80_anc_2-1,0.001508,0.000007,0.000000,0.015501
Q_ind_81_anc_2-1,0.004352,0.000037,0.000000,0.039890
Q_ind_82_anc_2-1,0.003180,0.000014,0.000000,0.031726
Q_ind_83_anc_2-1,0.008323,0.000105,0.000000,0.068161
Q_ind_84_anc_2-1,0.010634,0.000105,0.000000,0.092102
Q_ind_85_anc_2-1,0.325769,0.422035,0.000000,0.566681
Q_ind_86_anc_2-1,0.022708,0.000284,0.000000,0.161033
Q_ind_87_anc_2-1,0.242902,0.243017,0.139316,0.349446
Q_ind_88_anc_2-1,0.012328,0.000034,0.000000,0.139972
Q_ind_89_anc_2-1,0.002812,0.000022,0.000000,0.026636
Q_ind_90_anc_2-1,0.000858,0.000004,0.000000,0.008002
Q_ind_91_anc_2-1,0.886282,0.885447,0.811657,0.961370
Q_ind_92_anc_2-1,0.528887,0.528985,0.439871,0.615874
Q_ind_93_anc_2-1,0.001032,0.000006,0.000000,0.010044
Q_ind_94_anc_2-1,0.000475,0.000003,0.000000,0.004512
Q_ind_95_anc_2-1,0.001441,0.000008,0.000000,0.013656
Q_ind_96_anc_2-1,0.000448,0.000003,0.000000,0.003991
Q_ind_97_anc_2-1,0.723164,0.724103,0.642075,0.803901
Q_ind_98_anc_2-1,0.042515,0.036230,0.000000,0.128161
Q_ind_99_anc_2-1,0.051730,0.000356,0.000000,0.379502
Q_ind_100_anc_2-1,0.015092,0.000217,0.000000,0.124929
Q_ind_101_anc_2-1,0.013975,0.000151,0.000000,0.128441
Q_ind_102_anc_2-1,0.364593,0.374761,0.200051,0.481446
Q_ind_103_anc_2-1,0.018714,0.000150,0.000000,0.156786
Q_ind_104_anc_2-1,0.341450,0.349257,0.152250,0.451694
Q_ind_105_anc_2-1,0.045715,0.001446,0.000000,0.308540
Q_ind_106_anc_2-1,0.165792,0.108599,0.000000,0.454959
Q_ind_107_anc_2-1,0.001926,0.000008,0.000000,0.019898
Q_ind_108_anc_2-1,0.002004,0.000010,0.000000,0.020053
Q_ind_109_anc_2-1,0.001066,0.000005,0.000000,0.010276
Q_ind_110_anc_2-1,0.010198,0.000349,0.000000,0.063730
Q_ind_111_anc_2-1,0.000620,0.000004,0.000000,0.005945
Q_ind_112_anc_2-1,0.001519,0.000014,0.000000,0.013581
Q_ind_113_anc_2-1,0.001097,0.000005,0.000000,0.011661
Q_ind_114_anc_2-1,0.003147,0.000024,0.000000,0.029689
Q_ind_115_anc_2-1,0.101050,0.099603,0.000025,0.204179
Q_ind_116_anc_2-1,0.001754,0.000006,0.000000,0.020246
Q_ind_117_anc_2-1,0.017319,0.001007,0.000000,0.108244
Q_ind_118_anc_2-1,0.012226,0.000202,0.000000,0.092196
Q_ind_119_anc_2-1,0.014875,0.000390,0.000000,0.084978
Q_ind_120_anc_2-1,0.010880,0.000317,0.000000,0.067190
Q_ind_121_anc_2-1,0.005146,0.000040,0.000000,0.046629
Q_ind_122_anc_2-1,0.254693,0.255004,0.170133,0.340269
Q_ind_123_anc_2-1,0.181337,0.181468,0.123980,0.240635
Q_ind_124_anc_2-1,0.013295,0.000307,0.000000,0.091512
Q_ind_125_anc_2-1,0.035283,0.013851,0.000000,0.120986
Q_ind_126_anc_2-1,0.006867,0.000064,0.000000,0.054728
Q_ind_127_anc_2-1,0.089575,0.092695,0.000001,0.180992
Q_ind_128_anc_2-1,0.020770,0.001002,0.000000,0.117164
Q_ind_129_anc_2-1,0.164888,0.164823,0.092664,0.237027
Q_ind_130_anc_2-1,0.036413,0.004801,0.000000,0.185452
Q_ind_131_anc_2-1,0.103914,0.115165,0.000000,0.203405
Q_ind_132_anc_2-1,0.024359,0.000659,0.000000,0.122503
Q_ind_133_anc_2-1,0.648186,0.649293,0.574226,0.716443
Q_ind_134_anc_2-1,0.014638,0.000091,0.000000,0.110869
Q_ind_135_anc_2-1,0.008760,0.000146,0.000000,0.065273
Q_ind_136_anc_2-1,0.001013,0.000005,0.000000,0.009487
Q_ind_137_anc_2-1,0.007614,0.000317,0.000000,0.043819
Q_ind_138_anc_2-1,0.001447,0.000008,0.000000,0.013821
Q_ind_139_anc_2-1,0.000915,0.000005,0.000000,0.009323
Q_ind_140_anc_2-1,0.001179,0.000007,0.000000,0.012175
Q_ind_141_anc_2-1,0.001403,0.000008,0.000000,0.014437
Q_ind_142_anc_2-1,0.003154,0.000015,0.000000,0.030909
Q_ind_143_anc_2-1,0.000973,0.000004,0.000000,0.009703
Q_ind_144_anc_2-1,0.004496,0.000036,0.000000,0.039793
Q_ind_145_anc_2-1,0.040142,0.005985,0.000000,0.166359
Q_ind_146_anc_2-1,0.007395,0.000046,0.000000,0.072165
Q_ind_147_anc_2-1,0.010216,0.000072,0.000000,0.086925
Q_ind_148_anc_2-1,0.467631,0.469269,0.369734,0.552947
Q_ind_149_anc_2-1,0.183516,0.181965,0.120174,0.250975
Q_ind_150_anc_2-1,0.008364,0.000168,0.000000,0.057910
Q_ind_151_anc_2-1,0.005540,0.000042,0.000000,0.048177
Q_ind_152_anc_2-1,0.022057,0.002548,0.000000,0.098230
Q_ind_153_anc_2-1,0.198123,0.198148,0.119297,0.276848
Q_ind_154_anc_2-1,0.008379,0.000194,0.000000,0.059071
Q_ind_155_anc_2-1,0.286850,0.286613,0.206811,0.369005
Q_ind_156_anc_2-1,0.165802,0.165468,0.101339,0.227521
Q_ind_157_anc_2-1,0.002275,0.000012,0.000000,0.022146
Q_ind_158_anc_2-1,0.000953,0.000005,0.000000,0.009742
Q_ind_159_anc_2-1,0.001156,0.000005,0.000000,0.011378
Q_ind_160_anc_2-1,0.000594,0.000003,0.000000,0.006131
Q_ind_161_anc_2-1,0.096043,0.115737,0.000000,0.234186
Q_ind_162_anc_2-1,0.001820,0.000012,0.000000,0.018689
Q_ind_163_anc_2-1,0.000763,0.000004,0.000000,0.007646
Q_ind_164_anc_2-1,0.069622,0.077924,0.000000,0.149521
Q_ind_165_anc_2-1,0.298620,0.301507,0.089963,0.493154
Q_ind_166_anc_2-1,0.171016,0.172523,0.000000,0.365695
Q_ind_167_anc_2-1,0.615312,0.635023,0.380400,0.770158
Q_ind_168_anc_2-1,0.009940,0.000124,0.000000,0.088607
Q_ind_169_anc_2-1,0.650064,0.650687,0.528810,0.763024
Q_ind_170_anc_2-1,0.152729,0.134955,0.000000,0.439925
Q_ind_171_anc_2-1,0.001953,0.000014,0.000000,0.019307
Q_ind_172_anc_2-1,0.001978,0.000013,0.000000,0.018640
Q_ind_173_anc_2-1,0.000243,0.000001,0.000000,0.002385
Q_ind_174_anc_2-1,0.000572,0.000002,0.000000,0.006021
Q_ind_175_anc_2-1,0.000397,0.000002,0.000000,0.004064
Q_ind_176_anc_2-1,0.000285,0.000001,0.000000,0.002853
Q_ind_177_anc_2-1,0.001224,0.000008,0.000000,0.011388
Q_ind_178_anc_2-1,0.117044,0.121641,0.000000,0.219183
Q_ind_179_anc_2-1,0.000456,0.000002,0.000000,0.004315
Q_ind_180_anc_2-1,0.004067,0.000017,0.000000,0.041167
Q_ind_181_anc_2-1,0.016313,0.001019,0.000000,0.091677
Q_ind_182_anc_2-1,0.039250,0.014613,0.000000,0.128831
Q_ind_183_anc_2-1,0.020441,0.009300,0.000000,0.076308
Q_ind_184_anc_2-1,0.029585,0.001581,0.000000,0.124677
Q_ind_185_anc_2-1,0.000895,0.000005,0.000000,0.008849
Q_ind_186_anc_2-1,0.020865,0.003351,0.000000,0.087717
Q_ind_187_anc_2-1,0.006389,0.000075,0.000000,0.051483
Q_ind_188_anc_2-1,0.017534,0.001345,0.000000,0.086879
Q_ind_189_anc_2-1,0.218235,0.218866,0.118656,0.313830
Q_ind_190_anc_2-1,0.012995,0.000075,0.000000,0.117156
Q_ind_191_anc_2-1,0.195860,0.196985,0.095227,0.281609
Q_ind_192_anc_2-1,0.124087,0.127206,0.000026,0.212958
Q_ind_193_anc_2-1,0.249192,0.249049,0.157555,0.335310
Q_ind_194_anc_2-1,0.143321,0.146757,0.023227,0.224902
Q_ind_195_anc_2-1,0.287842,0.287350,0.206609,0.369957
Q_ind_196_anc_2-1,0.146101,0.175647,0.000000,0.279483
Q_ind_197_anc_2-1,0.133864,0.156859,0.000000,0.282948
Q_ind_198_anc_2-1,0.288653,0.292103,0.181002,0.373304
Q_ind_199_anc_2-1,0.088694,0.101826,0.000000,0.228258
Q_ind_200_anc_2-1,0.001010,0.000004,0.000000,0.010473
Q_ind_201_anc_2-1,0.071975,0.070753,0.000000,0.185744
Q_ind_202_anc_2-1,0.009390,0.000033,0.000000,0.120328
Q_ind_203_anc_2-1,0.001517,0.000006,0.000000,0.014862
Q_ind_204_anc_2-1,0.063336,0.005512,0.000000,0.259653
Q_ind_205_anc_2-1,0.043143,0.000677,0.000000,0.247135
Q_ind_206_anc_2-1,0.052524,0.014351,0.000000,0.247363
Q_ind_207_anc_2-1,0.016564,0.000073,0.000000,0.177638
Q_ind_208_anc_2-1,0.000664,0.000004,0.000000,0.006505
Q_ind_209_anc_2-1,0.017734,0.000089,0.000000,0.149709
Q_ind_210_anc_2-1,0.009404,0.000054,0.000000,0.088697
Q_ind_211_anc_2-1,0.027269,0.000234,0.000000,0.196128
Q_ind_212_anc_2-1,0.081064,0.008914,0.000000,0.375581
Q_ind_213_anc_2-1,0.033601,0.002059,0.000000,0.196944
Q_ind_214_anc_2-1,0.113053,0.105310,0.000000,0.345948
Q_ind_215_anc_2-1,0.618524,0.621707,0.479089,0.742197
Q_ind_216_anc_2-1,0.178279,0.175269,0.000154,0.373413
Q_ind_217_anc_2-1,0.603889,0.604164,0.493142,0.711468
Q_ind_218_anc_2-1,0.611854,0.626744,0.401674,0.762828
Q_ind_219_anc_2-1,0.371148,0.369463,0.147971,0.571940
Q_ind_220_anc_2-1,0.799629,0.802387,0.681209,0.905212
Q_ind_221_anc_2-1,0.013332,0.000045,0.000000,0.139858
Q_ind_222_anc_2-1,0.748040,0.746283,0.641996,0.870952
Q_ind_1_anc_2-2,0.001322,0.000009,0.000000,0.012607
Q_ind_2_anc_2-2,0.002456,0.000010,0.000000,0.023962
Q_ind_3_anc_2-2,0.047998,0.053109,0.000000,0.111372
Q_ind_4_anc_2-2,0.033929,0.032981,0.000000,0.088289
Q_ind_5_anc_2-2,0.000672,0.000002,0.000000,0.006294
Q_ind_6_anc_2-2,0.008680,0.000072,0.000000,0.078719
Q_ind_7_anc_2-2,0.059868,0.069165,0.000000,0.140221
Q_ind_8_anc_2-2,0.013608,0.000265,0.000000,0.082428
Q_ind_9_anc_2-2,0.018243,0.000322,0.000000,0.105652
Q_ind_10_anc_2-2,0.011071,0.000337,0.000000,0.061326
Q_ind_11_anc_2-2,0.010027,0.000128,0.000000,0.073079
Q_ind_12_anc_2-2,0.028457,0.017269,0.000000,0.096075
Q_ind_13_anc_2-2,0.002880,0.000010,0.000000,0.032953
Q_ind_14_anc_2-2,0.002066,0.000014,0.000000,0.022407
Q_ind_15_anc_2-2,0.012196,0.000365,0.000000,0.082941
Q_ind_16_anc_2-2,0.001852,0.000014,0.000000,0.016531
Q_ind_17_anc_2-2,0.002005,0.000008,0.000000,0.019325
Q_ind_18_anc_2-2,0.010280,0.000207,0.000000,0.073927
Q_ind_19_anc_2-2,0.003226,0.000023,0.000000,0.028873
Q_ind_20_anc_2-2,0.000593,0.000004,0.000000,0.005830
Q_ind_21_anc_2-2,0.965236,0.971044,0.900652,0.999889
Q_ind_22_anc_2-2,0.951717,0.954986,0.882632,0.998997
Q_ind_23_anc_2-2,0.963744,0.972289,0.884000,0.999856
Q_ind_24_anc_2-2,0.749785,0.752101,0.630929,0.854851
Q_ind_25_anc_2-2,0.890490,0.891967,0.821237,0.952631
Q_ind_26_anc_2-2,0.981398,0.987986,0.927500,0.999974
Q_ind_27_anc_2-2,0.959669,0.965511,0.883629,0.999843
Q_ind_28_anc_2-2,0.967109,0.978179,0.884611,0.999927
Q_ind_29_anc_2-2,0.954329,0.959472,0.866922,0.999712
Q_ind_30_anc_2-2,0.959261,0.964226,0.884155,0.999530
Q_ind_31_anc_2-2,0.003335,0.000016,0.000000,0.036597
Q_ind_32_anc_2-2,0.011155,0.000367,0.000000,0.077730
Q_ind_33_anc_2-2,0.011596,0.000120,0.000000,0.085893
Q_ind_34_anc_2-2,0.004985,0.000059,0.000000,0.042066
Q_ind_35_anc_2-2,0.010537,0.000120,0.000000,0.070052
Q_ind_36_anc_2-2,0.001300,0.000008,0.000000,0.012291
Q_ind_37_anc_2-2,0.005756,0.000030,0.000000,0.055958
Q_ind_38_anc_2-2,0.005140,0.000049,0.000000,0.042149
Q_ind_39_anc_2-2,0.001408,0.000009,0.000000,0.012864
Q_ind_40_anc_2-2,0.005121,0.000037,0.000000,0.054593
Q_ind_41_anc_2-2,0.001158,0.000006,0.000000,0.011118
Q_ind_42_anc_2-2,0.040680,0.026166,0.000000,0.131276
Q_ind_43_anc_2-2,0.125312,0.128497,0.037521,0.182213
Q_ind_44_anc_2-2,0.048059,0.040784,0.000000,0.139926
Q_ind_45_anc_2-2,0.067868,0.073213,0.000000,0.122727
Q_ind_46_anc_2-2,0.051431,0.051479,0.000000,0.135465
Q_ind_47_anc_2-2,0.094206,0.098967,0.000324,0.151543
Q_ind_48_anc_2-2,0.043946,0.037643,0.000000,0.122916
Q_ind_49_anc_2-2,0.001238,0.000006,0.000000,0.011608
Q_ind_50_anc_2-2,0.000855,0.000005,0.000000,0.008496
Q_ind_51_anc_2-2,0.001015,0.000008,0.000000,0.009321
Q_ind_52_anc_2-2,0.000830,0.000004,0.000000,0.008631
Q_ind_53_anc_2-2,0.000624,0.000003,0.000000,0.006480
Q_ind_54_anc_2-2,0.000779,0.000003,0.000000,0.007998
Q_ind_55_anc_2-2,0.000779,0.000004,0.000000,0.008087
Q_ind_56_anc_2-2,0.000774,0.000004,0.000000,0.007765
Q_ind_57_anc_2-2,0.002209,0.000019,0.000000,0.019924
Q_ind_58_anc_2-2,0.001013,0.000005,0.000000,0.010678
Q_ind_59_anc_2-2,0.001279,0.000008,0.000000,0.012309
Q_ind_60_anc_2-2,0.002255,0.000020,0.000000,0.021379
Q_ind_61_anc_2-2,0.276044,0.276579,0.157614,0.405802
Q_ind_62_anc_2-2,0.026922,0.006678,0.000000,0.117276
Q_ind_63_anc_2-2,0.003314,0.000026,0.000000,0.031839
Q_ind_64_anc_2-2,0.360010,0.369627,0.221363,0.462043
Q_ind_65_anc_2-2,0.406075,0.414170,0.293480,0.485663
Q_ind_66_anc_2-2,0.290105,0.287409,0.170942,0.412339
Q_ind_67_anc_2-2,0.008816,0.000069,0.000000,0.076151
Q_ind_68_anc_2-2,0.008406,0.000130,0.000000,0.067189
Q_ind_69_anc_2-2,0.397469,0.402301,0.313375,0.455995
Q_ind_70_anc_2-2,0.731387,0.727159,0.577952,0.864880
Q_ind_71_anc_2-2,0.836906,0.838574,0.772083,0.893546
Q_ind_72_anc_2-2,0.615833,0.615210,0.522537,0.712355
Q_ind_73_anc_2-2,0.650344,0.650514,0.553524,0.747490
Q_ind_74_anc_2-2,0.672742,0.671347,0.573038,0.778702
Q_ind_75_anc_2-2,0.746921,0.772341,0.584967,0.852959
Q_ind_76_anc_2-2,0.671358,0.671991,0.570485,0.765601
Q_ind_77_anc_2-2,0.729883,0.757178,0.544846,0.833947
Q_ind_78_anc_2-2,0.761675,0.779868,0.614338,0.858915
Q_ind_79_anc_2-2,0.754430,0.766721,0.601841,0.852691
Q_ind_80_anc_2-2,0.656870,0.656215,0.549899,0.765416
Q_ind_81_anc_2-2,0.248526,0.249176,0.170505,0.321852
Q_ind_82_anc_2-2,0.235260,0.236904,0.154285,0.302524
Q_ind_83_anc_2-2,0.226826,0.235545,0.086821,0.313623
Q_ind_84_anc_2-2,0.253966,0.254753,0.182839,0.321914
Q_ind_85_anc_2-2,0.112289,0.052003,0.000000,0.334419
Q_ind_86_anc_2-2,0.223426,0.225994,0.139161,0.295936
Q_ind_87_anc_2-2,0.004912,0.000053,0.000000,0.041515
Q_ind_88_anc_2-2,0.209481,0.210609,0.115049,0.287144
Q_ind_89_anc_2-2,0.001223,0.000007,0.000000,0.011168
Q_ind_90_anc_2-2,0.001596,0.000011,0.000000,0.014867
Q_ind_91_anc_2-2,0.000516,0.000003,0.000000,0.005247
Q_ind_92_anc_2-2,0.000580,0.000003,0.000000,0.005208
Q_ind_93_anc_2-2,0.000495,0.000003,0.000000,0.004748
Q_ind_94_anc_2-2,0.000340,0.000002,0.000000,0.003453
Q_ind_95_anc_2-2,0.000994,0.000006,0.000000,0.010012
Q_ind_96_anc_2-2,0.000330,0.000001,0.000000,0.003219
Q_ind_97_anc_2-2,0.000585,0.000002,0.000000,0.005679
Q_ind_98_anc_2-2,0.009847,0.000390,0.000000,0.060156
Q_ind_99_anc_2-2,0.442222,0.482363,0.127942,0.557680
Q_ind_100_anc_2-2,0.336589,0.335517,0.150180,0.484538
Q_ind_101_anc_2-2,0.428007,0.429260,0.332783,0.517384
Q_ind_102_anc_2-2,0.245259,0.251835,0.082364,0.383023
Q_ind_103_anc_2-2,0.344925,0.367433,0.168587,0.455153
Q_ind_104_anc_2-2,0.013793,0.000063,0.000000,0.189410
Q_ind_105_anc_2-2,0.461958,0.469593,0.310255,0.567500
Q_ind_106_anc_2-2,0.374570,0.394348,0.155668,0.526568
Q_ind_107_anc_2-2,0.002655,0.000023,0.000000,0.023057
Q_ind_108_anc_2-2,0.000862,0.000005,0.000000,0.008571
Q_ind_109_anc_2-2,0.001136,0.000006,0.000000,0.010805
Q_ind_110_anc_2-2,0.004445,0.000069,0.000000,0.032276
Q_ind_111_anc_2-2,0.000464,0.000002,0.000000,0.004561
Q_ind_112_anc_2-2,0.001012,0.000006,0.000000,0.009922
Q_ind_113_anc_2-2,0.000815,0.000006,0.000000,0.007307
Q_ind_114_anc_2-2,0.001859,0.000014,0.000000,0.017245
Q_ind_115_anc_2-2,0.001019,0.000005,0.000000,0.010300
Q_ind_116_anc_2-2,0.629608,0.628538,0.516194,0.747714
Q_ind_117_anc_2-2,0.747747,0.754701,0.622614,0.820289
Q_ind_118_anc_2-2,0.669363,0.670255,0.542014,0.785217
Q_ind_119_anc_2-2,0.605273,0.601179,0.470228,0.760859
Q_ind_120_anc_2-2,0.799895,0.807206,0.656578,0.906589
Q_ind_121_anc_2-2,0.770152,0.781637,0.627084,0.850692
Q_ind_122_anc_2-2,0.103595,0.103055,0.000000,0.242135
Q_ind_123_anc_2-2,0.002012,0.000009,0.000000,0.018876
Q_ind_124_anc_2-2,0.959985,0.963968,0.891749,0.999084
Q_ind_125_anc_2-2,0.922080,0.925264,0.844757,0.986501
Q_ind_126_anc_2-2,0.937248,0.944183,0.844151,0.991826
Q_ind_127_anc_2-2,0.895125,0.895787,0.806191,0.980432
Q_ind_128_anc_2-2,0.906682,0.910249,0.821708,0.965728
Q_ind_129_anc_2-2,0.363407,0.362072,0.252742,0.473008
Q_ind_130_anc_2-2,0.799760,0.818091,0.623019,0.877932
Q_ind_131_anc_2-2,0.827320,0.831455,0.706197,0.921338
Q_ind_132_anc_2-2,0.903836,0.908914,0.819233,0.958022
Q_ind_133_anc_2-2,0.020342,0.000823,0.000000,0.127884
Q_ind_134_anc_2-2,0.850617,0.856684,0.751364,0.912053
Q_ind_135_anc_2-2,0.917286,0.918951,0.856991,0.965546
Q_ind_136_anc_2-2,0.054155,0.055617,0.000000,0.103123
Q_ind_137_anc_2-2,0.004396,0.000048,0.000000,0.034360
Q_ind_138_anc_2-2,0.011013,0.001100,0.000000,0.057537
Q_ind_139_anc_2-2,0.012799,0.000053,0.000000,0.111329
Q_ind_140_anc_2-2,0.010028,0.000203,0.000000,0.057734
Q_ind_141_anc_2-2,0.001021,0.000005,0.000000,0.009999
Q_ind_142_anc_2-2,0.046229,0.047271,0.000000,0.092745
Q_ind_143_anc_2-2,0.025567,0.020791,0.000000,0.079482
Q_ind_144_anc_2-2,0.026909,0.020380,0.000000,0.084699
Q_ind_145_anc_2-2,0.385167,0.398797,0.195789,0.505582
Q_ind_146_anc_2-2,0.415703,0.434378,0.231321,0.534048
Q_ind_147_anc_2-2,0.484075,0.485315,0.405634,0.551409
Q_ind_148_anc_2-2,0.376814,0.373564,0.250567,0.523335
Q_ind_149_anc_2-2,0.020228,0.002780,0.000000,0.107858
Q_ind_150_anc_2-2,0.983861,0.990504,0.934831,0.999983
Q_ind_151_anc_2-2,0.981881,0.989964,0.916783,0.999979
Q_ind_152_anc_2-2,0.969565,0.979510,0.896227,0.999973
Q_ind_153_anc_2-2,0.796705,0.796677,0.718808,0.873094
Q_ind_154_anc_2-2,0.986210,0.992810,0.936446,0.999986
Q_ind_155_anc_2-2,0.381941,0.382001,0.267694,0.497447
Q_ind_156_anc_2-2,0.003215,0.000020,0.000000,0.029787
Q_ind_157_anc_2-2,0.377896,0.363372,0.198340,0.576400
Q_ind_158_anc_2-2,0.584421,0.600504,0.414407,0.674379
Q_ind_159_anc_2-2,0.383390,0.382001,0.256669,0.522132
Q_ind_160_anc_2-2,0.568032,0.568814,0.509479,0.624447
Q_ind_161_anc_2-2,0.182924,0.181273,0.000000,0.374438
Q_ind_162_anc_2-2,0.292819,0.282544,0.168380,0.487239
Q_ind_163_anc_2-2,0.512904,0.513739,0.352058,0.651849
Q_ind_164_anc_2-2,0.068301,0.026638,0.000000,0.242832
Q_ind_165_anc_2-2,0.512806,0.512605,0.391678,0.628115
Q_ind_166_anc_2-2,0.576299,0.576218,0.462070,0.680462
Q_ind_167_anc_2-2,0.308384,0.304903,0.195511,0.437500
Q_ind_168_anc_2-2,0.671056,0.672417,0.596068,0.738204
Q_ind_169_anc_2-2,0.121884,0.123764,0.000000,0.266601
Q_ind_170_anc_2-2,0.603389,0.614184,0.440275,0.721076
Q_ind_171_anc_2-2,0.000767,0.000004,0.000000,0.007460
Q_ind_172_anc_2-2,0.007106,0.000233,0.000000,0.050131
Q_ind_173_anc_2-2,0.000266,0.000001,0.000000,0.002779
Q_ind_174_anc_2-2,0.000841,0.000005,0.000000,0.008251
Q_ind_175_anc_2-2,0.000433,0.000002,0.000000,0.003961
Q_ind_176_anc_2-2,0.000420,0.000002,0.000000,0.004350
Q_ind_177_anc_2-2,0.003518,0.000036,0.000000,0.030395
Q_ind_178_anc_2-2,0.001147,0.000004,0.000000,0.009789
Q_ind_179_anc_2-2,0.000553,0.000003,0.000000,0.005397
Q_ind_180_anc_2-2,0.012686,0.000387,0.000000,0.080910
Q_ind_181_anc_2-2,0.072612,0.075674,0.000000,0.132465
Q_ind_182_anc_2-2,0.013842,0.001013,0.000000,0.077270
Q_ind_183_anc_2-2,0.005918,0.000149,0.000000,0.044470
Q_ind_184_anc_2-2,0.041121,0.040169,0.000000,0.104835
Q_ind_185_anc_2-2,0.000500,0.000002,0.000000,0.004995
Q_ind_186_anc_2-2,0.014464,0.000813,0.000000,0.079880
Q_ind_187_anc_2-2,0.022193,0.004135,0.000000,0.097202
Q_ind_188_anc_2-2,0.035396,0.021811,0.000000,0.114294
Q_ind_189_anc_2-2,0.001607,0.000010,0.000000,0.015967
Q_ind_190_anc_2-2,0.760815,0.763705,0.675259,0.825352
Q_ind_191_anc_2-2,0.510371,0.508234,0.391387,0.638622
Q_ind_192_anc_2-2,0.487135,0.483793,0.359015,0.636033
Q_ind_193_anc_2-2,0.548578,0.547386,0.418106,0.669861
Q_ind_194_anc_2-2,0.647161,0.643896,0.514925,0.793200
Q_ind_195_anc_2-2,0.394430,0.394579,0.276114,0.513205
Q_ind_196_anc_2-2,0.616813,0.589026,0.444160,0.808077
Q_ind_197_anc_2-2,0.697370,0.701901,0.522984,0.839496
Q_ind_198_anc_2-2,0.330725,0.328388,0.206368,0.476135
Q_ind_199_anc_2-2,0.593767,0.588084,0.424353,0.781364
Q_ind_200_anc_2-2,0.000832,0.000004,0.000000,0.008002
Q_ind_201_anc_2-2,0.002148,0.000014,0.000000,0.020361
Q_ind_202_anc_2-2,0.090777,0.094443,0.000003,0.156871
Q_ind_203_anc_2-2,0.001190,0.000006,0.000000,0.010772
Q_ind_204_anc_2-2,0.024853,0.001860,0.000000,0.133832
Q_ind_205_anc_2-2,0.070485,0.080223,0.000000,0.147754
Q_ind_206_anc_2-2,0.042494,0.036745,0.000000,0.124714
Q_ind_207_anc_2-2,0.089780,0.100764,0.000000,0.162800
Q_ind_208_anc_2-2,0.000876,0.000004,0.000000,0.008938
Q_ind_209_anc_2-2,0.005317,0.000039,0.000000,0.048836
Q_ind_210_anc_2-2,0.124165,0.125915,0.044788,0.190946
Q_ind_211_anc_2-2,0.278316,0.283379,0.187204,0.339535
Q_ind_212_anc_2-2,0.287060,0.300761,0.140871,0.368986
Q_ind_213_anc_2-2,0.281093,0.286969,0.186281,0.340219
Q_ind_214_anc_2-2,0.259126,0.265185,0.132425,0.352264
Q_ind_215_anc_2-2,0.002845,0.000011,0.000000,0.030262
Q_ind_216_anc_2-2,0.204438,0.204583,0.101036,0.304067
Q_ind_217_anc_2-2,0.002418,0.000014,0.000000,0.023375
Q_ind_218_anc_2-2,0.055808,0.047008,0.000000,0.168932
Q_ind_219_anc_2-2,0.126735,0.127931,0.000105,0.242444
Q_ind_220_anc_2-2,0.000737,0.000004,0.000000,0.006766
Q_ind_221_anc_2-2,0.331764,0.334290,0.258078,0.385832
Q_ind_222_anc_2-2,0.000755,0.000005,0.000000,0.007213
Q_ind_1_anc_3-1,0.006582,0.000140,0.000000,0.046510
Q_ind_2_anc_3-1,0.001623,0.000009,0.000000,0.015740
Q_ind_3_anc_3-1,0.001879,0.000010,0.000000,0.017331
Q_ind_4_anc_3-1,0.002945,0.000023,0.000000,0.027007
Q_ind_5_anc_3-1,0.065373,0.069800,0.000000,0.138064
Q_ind_6_anc_3-1,0.001935,0.000013,0.000000,0.018558
Q_ind_7_anc_3-1,0.001676,0.000008,0.000000,0.015751
Q_ind_8_anc_3-1,0.002817,0.000024,0.000000,0.025949
Q_ind_9_anc_3-1,0.000934,0.000004,0.000000,0.009470
Q_ind_10_anc_3-1,0.000927,0.000005,0.000000,0.008864
Q_ind_11_anc_3-1,0.004206,0.000041,0.000000,0.036527
Q_ind_12_anc_3-1,0.004154,0.000058,0.000000,0.033051
Q_ind_13_anc_3-1,0.098825,0.101830,0.000006,0.198274
Q_ind_14_anc_3-1,0.166576,0.169906,0.047715,0.267394
Q_ind_15_anc_3-1,0.112624,0.123025,0.000000,0.235243
Q_ind_16_anc_3-1,0.071058,0.058650,0.000000,0.202897
Q_ind_17_anc_3-1,0.092481,0.094596,0.000000,0.193196
Q_ind_18_anc_3-1,0.139911,0.143825,0.006083,0.251935
Q_ind_19_anc_3-1,0.121608,0.122779,0.018899,0.217868
Q_ind_20_anc_3-1,0.335103,0.333390,0.250052,0.426552
Q_ind_21_anc_3-1,0.006487,0.000097,0.000000,0.048882
Q_ind_22_anc_3-1,0.012484,0.000743,0.000000,0.066840
Q_ind_23_anc_3-1,0.002925,0.000032,0.000000,0.026661
Q_ind_24_anc_3-1,0.010355,0.000233,0.000000,0.076129
Q_ind_25_anc_3-1,0.005250,0.000028,0.000000,0.051370
Q_ind_26_anc_3-1,0.003413,0.000025,0.000000,0.029059
Q_ind_27_anc_3-1,0.009826,0.000394,0.000000,0.055756
Q_ind_28_anc_3-1,0.002317,0.000023,0.000000,0.020363
Q_ind_29_anc_3-1,0.016929,0.006485,0.000000,0.071900
Q_ind_30_anc_3-1,0.012141,0.001326,0.000000,0.057818
Q_ind_31_anc_3-1,0.240161,0.239445,0.165319,0.322129
Q_ind_32_anc_3-1,0.089231,0.017297,0.000000,0.304010
Q_ind_33_anc_3-1,0.157336,0.183524,0.000000,0.276817
Q_ind_34_anc_3-1,0.175971,0.177865,0.068521,0.262662
Q_ind_35_anc_3-1,0.248354,0.248285,0.167916,0.326895
Q_ind_36_anc_3-1,0.229999,0.229837,0.146111,0.304900
Q_ind_37_anc_3-1,0.224441,0.227847,0.120533,0.306290
Q_ind_38_anc_3-1,0.222970,0.226534,0.104034,0.311706
Q_ind_39_anc_3-1,0.500356,0.501519,0.411252,0.584671
Q_ind_40_anc_3-1,0.096519,0.068602,0.000000,0.293237
Q_ind_41_anc_3-1,0.143477,0.143147,0.058993,0.228802
Q_ind_42_anc_3-1,0.016765,0.000286,0.000000,0.105869
Q_ind_43_anc_3-1,0.003977,0.000030,0.000000,0.035970
Q_ind_44_anc_3-1,0.005908,0.000053,0.000000,0.054281
Q_ind_45_anc_3-1,0.005350,0.000087,0.000000,0.041481
Q_ind_46_anc_3-1,0.014539,0.000246,0.000000,0.097622
Q_ind_47_anc_3-1,0.002004,0.000017,0.000000,0.019962
Q_ind_48_anc_3-1,0.003072,0.000010,0.000000,0.032164
Q_ind_49_anc_3-1,0.005156,0.000029,0.000000,0.049648
Q_ind_50_anc_3-1,0.002824,0.000017,0.000000,0.025388
Q_ind_51_anc_3-1,0.006436,0.000134,0.000000,0.052315
Q_ind_52_anc_3-1,0.008440,0.000177,0.000000,0.057301
Q_ind_53_anc_3-1,0.003243,0.000015,0.000000,0.032174
Q_ind_54_anc_3-1,0.007102,0.000085,0.000000,0.056146
Q_ind_55_anc_3-1,0.328479,0.328052,0.234964,0.426623
Q_ind_56_anc_3-1,0.004027,0.000035,0.000000,0.035285
Q_ind_57_anc_3-1,0.008782,0.000123,0.000000,0.068357
Q_ind_58_anc_3-1,0.009862,0.000171,0.000000,0.069764
Q_ind_59_anc_3-1,0.016346,0.000849,0.000000,0.088230
Q_ind_60_anc_3-1,0.027379,0.009088,0.000000,0.114262
Q_ind_61_anc_3-1,0.005039,0.000066,0.000000,0.038717
Q_ind_62_anc_3-1,0.216718,0.221721,0.078711,0.326127
Q_ind_63_anc_3-1,0.190817,0.191173,0.105229,0.271123
Q_ind_64_anc_3-1,0.003455,0.000016,0.000000,0.034346
Q_ind_65_anc_3-1,0.006890,0.000095,0.000000,0.052218
Q_ind_66_anc_3-1,0.010470,0.000169,0.000000,0.068560
Q_ind_67_anc_3-1,0.175050,0.178286,0.058338,0.267746
Q_ind_68_anc_3-1,0.176094,0.187589,0.000000,0.300710
Q_ind_69_anc_3-1,0.003426,0.000031,0.000000,0.030899
Q_ind_70_anc_3-1,0.001022,0.000005,0.000000,0.009890
Q_ind_71_anc_3-1,0.001086,0.000005,0.000000,0.011035
Q_ind_72_anc_3-1,0.001846,0.000011,0.000000,0.016847
Q_ind_73_anc_3-1,0.001040,0.000005,0.000000,0.010330
Q_ind_74_anc_3-1,0.013129,0.002571,0.000000,0.062942
Q_ind_75_anc_3-1,0.001726,0.000009,0.000000,0.017657
Q_ind_76_anc_3-1,0.002113,0.000012,0.000000,0.020978
Q_ind_77_anc_3-1,0.001917,0.000015,0.000000,0.018777
Q_ind_78_anc_3-1,0.001767,0.000011,0.000000,0.017383
Q_ind_79_anc_3-1,0.001646,0.000007,0.000000,0.015955
Q_ind_80_anc_3-1,0.002224,0.000012,0.000000,0.021702
Q_ind_81_anc_3-1,0.005230,0.000021,0.000000,0.048504
Q_ind_82_anc_3-1,0.011782,0.000139,0.000000,0.095976
Q_ind_83_anc_3-1,0.013972,0.000092,0.000000,0.126624
Q_ind_84_anc_3-1,0.005874,0.000044,0.000000,0.067151
Q_ind_85_anc_3-1,0.048416,0.000825,0.000000,0.312463
Q_ind_86_anc_3-1,0.019895,0.000221,0.000000,0.175986
Q_ind_87_anc_3-1,0.318400,0.317505,0.203356,0.431208
Q_ind_88_anc_3-1,0.025201,0.001155,0.000000,0.169011
Q_ind_89_anc_3-1,0.000904,0.000004,0.000000,0.008901
Q_ind_90_anc_3-1,0.001088,0.000008,0.000000,0.010201
Q_ind_91_anc_3-1,0.110905,0.111889,0.035737,0.184799
Q_ind_92_anc_3-1,0.468083,0.468173,0.381340,0.557325
Q_ind_93_anc_3-1,0.000665,0.000004,0.000000,0.006297
Q_ind_94_anc_3-1,0.000521,0.000003,0.000000,0.004810
Q_ind_95_anc_3-1,0.001288,0.000006,0.000000,0.012411
Q_ind_96_anc_3-1,0.000382,0.000002,0.000000,0.003748
Q_ind_97_anc_3-1,0.274498,0.273553,0.194607,0.354956
Q_ind_98_anc_3-1,0.005387,0.000041,0.000000,0.045948
Q_ind_99_anc_3-1,0.261784,0.309381,0.000000,0.417062
Q_ind_100_anc_3-1,0.343737,0.363152,0.105962,0.482401
Q_ind_101_anc_3-1,0.061539,0.007587,0.000000,0.345292
Q_ind_102_anc_3-1,0.024237,0.000564,0.000000,0.160839
Q_ind_103_anc_3-1,0.195041,0.223114,0.000000,0.402923
Q_ind_104_anc_3-1,0.239036,0.233506,0.110105,0.436555
Q_ind_105_anc_3-1,0.025834,0.000333,0.000000,0.226669
Q_ind_106_anc_3-1,0.067684,0.004748,0.000000,0.326498
Q_ind_107_anc_3-1,0.002651,0.000013,0.000000,0.023885
Q_ind_108_anc_3-1,0.003137,0.000026,0.000000,0.028430
Q_ind_109_anc_3-1,0.001482,0.000009,0.000000,0.014882
Q_ind_110_anc_3-1,0.004113,0.000039,0.000000,0.033009
Q_ind_111_anc_3-1,0.001182,0.000010,0.000000,0.011272
Q_ind_112_anc_3-1,0.002855,0.000019,0.000000,0.025904
Q_ind_113_anc_3-1,0.000831,0.000005,0.000000,0.008524
Q_ind_114_anc_3-1,0.001496,0.000007,0.000000,0.014921
Q_ind_115_anc_3-1,0.260876,0.261054,0.177668,0.347251
Q_ind_116_anc_3-1,0.002794,0.000015,0.000000,0.029502
Q_ind_117_anc_3-1,0.020880,0.002012,0.000000,0.102678
Q_ind_118_anc_3-1,0.016294,0.000465,0.000000,0.091921
Q_ind_119_anc_3-1,0.028796,0.010478,0.000000,0.111570
Q_ind_120_anc_3-1,0.007107,0.000148,0.000000,0.053649
Q_ind_121_anc_3-1,0.010555,0.000437,0.000000,0.069586
Q_ind_122_anc_3-1,0.001968,0.000008,0.000000,0.022728
Q_ind_123_anc_3-1,0.003483,0.000032,0.000000,0.030215
Q_ind_124_anc_3-1,0.006658,0.000128,0.000000,0.050568
Q_ind_125_anc_3-1,0.018016,0.001066,0.000000,0.085876
Q_ind_126_anc_3-1,0.007244,0.000263,0.000000,0.048338
Q_ind_127_anc_3-1,0.007083,0.000063,0.000000,0.058195
Q_ind_128_anc_3-1,0.054153,0.055066,0.000000,0.120468
Q_ind_129_anc_3-1,0.001966,0.000010,0.000000,0.017201
Q_ind_130_anc_3-1,0.122157,0.137604,0.000000,0.195783
Q_ind_131_anc_3-1,0.028464,0.006292,0.000000,0.125953
Q_ind_132_anc_3-1,0.053380,0.059323,0.000000,0.118305
Q_ind_133_anc_3-1,0.001513,0.000006,0.000000,0.015352
Q_ind_134_anc_3-1,0.090456,0.099068,0.000000,0.168075
Q_ind_135_anc_3-1,0.004279,0.000029,0.000000,0.040074
Q_ind_136_anc_3-1,0.001086,0.000007,0.000000,0.009878
Q_ind_137_anc_3-1,0.002987,0.000019,0.000000,0.028830
Q_ind_138_anc_3-1,0.001682,0.000008,0.000000,0.017112
Q_ind_139_anc_3-1,0.001238,0.000007,0.000000,0.012170
Q_ind_140_anc_3-1,0.001487,0.000008,0.000000,0.013878
Q_ind_141_anc_3-1,0.002924,0.000025,0.000000,0.027401
Q_ind_142_anc_3-1,0.001642,0.000008,0.000000,0.017089
Q_ind_143_anc_3-1,0.000795,0.000004,0.000000,0.007680
Q_ind_144_anc_3-1,0.001344,0.000010,0.000000,0.013454
Q_ind_145_anc_3-1,0.080348,0.091609,0.000000,0.185611
Q_ind_146_anc_3-1,0.058742,0.059822,0.000000,0.130669
Q_ind_147_anc_3-1,0.015435,0.000283,0.000000,0.093406
Q_ind_148_anc_3-1,0.008701,0.000046,0.000000,0.097615
Q_ind_149_anc_3-1,0.001652,0.000011,0.000000,0.015795
Q_ind_150_anc_3-1,0.002163,0.000014,0.000000,0.020892
Q_ind_151_anc_3-1,0.003190,0.000028,0.000000,0.027551
Q_ind_152_anc_3-1,0.002241,0.000017,0.000000,0.019843
Q_ind_153_anc_3-1,0.002304,0.000013,0.000000,0.023910
Q_ind_154_anc_3-1,0.001572,0.000009,0.000000,0.014534
Q_ind_155_anc_3-1,0.001934,0.000008,0.000000,0.019102
Q_ind_156_anc_3-1,0.005657,0.000030,0.000000,0.051012
Q_ind_157_anc_3-1,0.001209,0.000006,0.000000,0.011795
Q_ind_158_anc_3-1,0.001263,0.000005,0.000000,0.012438
Q_ind_159_anc_3-1,0.002129,0.000016,0.000000,0.019928
Q_ind_160_anc_3-1,0.000632,0.000003,0.000000,0.006066
Q_ind_161_anc_3-1,0.081056,0.050193,0.000000,0.221646
Q_ind_162_anc_3-1,0.001875,0.000011,0.000000,0.018581
Q_ind_163_anc_3-1,0.000913,0.000005,0.000000,0.009767
Q_ind_164_anc_3-1,0.018745,0.000575,0.000000,0.102301
Q_ind_165_anc_3-1,0.005080,0.000050,0.000000,0.043316
Q_ind_166_anc_3-1,0.003979,0.000024,0.000000,0.039727
Q_ind_167_anc_3-1,0.008614,0.000124,0.000000,0.065615
Q_ind_168_anc_3-1,0.010189,0.000084,0.000000,0.089860
Q_ind_169_anc_3-1,0.007689,0.000054,0.000000,0.069819
Q_ind_170_anc_3-1,0.010590,0.000087,0.000000,0.084283
Q_ind_171_anc_3-1,0.018242,0.006106,0.000000,0.078635
Q_ind_172_anc_3-1,0.002275,0.000008,0.000000,0.023810
Q_ind_173_anc_3-1,0.000409,0.000002,0.000000,0.003852
Q_ind_174_anc_3-1,0.000620,0.000003,0.000000,0.006197
Q_ind_175_anc_3-1,0.000595,0.000002,0.000000,0.005571
Q_ind_176_anc_3-1,0.000399,0.000002,0.000000,0.003706
Q_ind_177_anc_3-1,0.001146,0.000006,0.000000,0.011491
Q_ind_178_anc_3-1,0.667592,0.667671,0.573830,0.766406
Q_ind_179_anc_3-1,0.000549,0.000002,0.000000,0.005620
Q_ind_180_anc_3-1,0.004889,0.000072,0.000000,0.039284
Q_ind_181_anc_3-1,0.007025,0.000080,0.000000,0.055377
Q_ind_182_anc_3-1,0.032303,0.002795,0.000000,0.140564
Q_ind_183_anc_3-1,0.019261,0.001749,0.000000,0.092723
Q_ind_184_anc_3-1,0.013795,0.000220,0.000000,0.091729
Q_ind_185_anc_3-1,0.276136,0.275811,0.203549,0.350824
Q_ind_186_anc_3-1,0.009064,0.000232,0.000000,0.064809
Q_ind_187_anc_3-1,0.267674,0.267088,0.185439,0.350552
Q_ind_188_anc_3-1,0.004219,0.000023,0.000000,0.039448
Q_ind_189_anc_3-1,0.675154,0.674833,0.576063,0.772457
Q_ind_190_anc_3-1,0.210141,0.213827,0.107482,0.274955
Q_ind_191_anc_3-1,0.010292,0.000138,0.000000,0.094083
Q_ind_192_anc_3-1,0.005408,0.000011,0.000000,0.066612
Q_ind_193_anc_3-1,0.006154,0.000043,0.000000,0.066315
Q_ind_194_anc_3-1,0.009082,0.000074,0.000000,0.093067
Q_ind_195_anc_3-1,0.001335,0.000006,0.000000,0.013158
Q_ind_196_anc_3-1,0.064646,0.002300,0.000000,0.245301
Q_ind_197_anc_3-1,0.078853,0.053637,0.000000,0.223391
Q_ind_198_anc_3-1,0.008446,0.000062,0.000000,0.087944
Q_ind_199_anc_3-1,0.071034,0.035206,0.000000,0.222372
Q_ind_200_anc_3-1,0.573259,0.574137,0.501449,0.644585
Q_ind_201_anc_3-1,0.490566,0.493350,0.382072,0.591922
Q_ind_202_anc_3-1,0.301849,0.302070,0.149391,0.471059
Q_ind_203_anc_3-1,0.542298,0.541929,0.463740,0.622378
Q_ind_204_anc_3-1,0.210603,0.224354,0.000000,0.393803
Q_ind_205_anc_3-1,0.211875,0.232272,0.000000,0.370737
Q_ind_206_anc_3-1,0.317158,0.332539,0.007450,0.496559
Q_ind_207_anc_3-1,0.397548,0.402150,0.213343,0.545416
Q_ind_208_anc_3-1,0.565715,0.564943,0.485712,0.650699
Q_ind_209_anc_3-1,0.687219,0.691889,0.572812,0.774182
Q_ind_210_anc_3-1,0.335638,0.337608,0.213780,0.449670
Q_ind_211_anc_3-1,0.001590,0.000007,0.000000,0.015791
Q_ind_212_anc_3-1,0.009302,0.000181,0.000000,0.070593
Q_ind_213_anc_3-1,0.002958,0.000025,0.000000,0.026382
Q_ind_214_anc_3-1,0.002770,0.000013,0.000000,0.026618
Q_ind_215_anc_3-1,0.027891,0.002514,0.000000,0.125841
Q_ind_216_anc_3-1,0.003094,0.000023,0.000000,0.028378
Q_ind_217_anc_3-1,0.093504,0.095163,0.000005,0.167877
Q_ind_218_anc_3-1,0.001782,0.000009,0.000000,0.016275
Q_ind_219_anc_3-1,0.004513,0.000051,0.000000,0.041223
Q_ind_220_anc_3-1,0.148073,0.146215,0.070815,0.233968
Q_ind_221_anc_3-1,0.001404,0.000006,0.000000,0.014513
Q_ind_222_anc_3-1,0.140890,0.139078,0.058925,0.230145
Q_ind_1_anc_3-2,0.464452,0.464976,0.371231,0.558855
Q_ind_2_anc_3-2,0.351861,0.354182,0.225382,0.463158
Q_ind_3_anc_3-2,0.040450,0.002014,0.000000,0.185849
Q_ind_4_anc_3-2,0.013405,0.000156,0.000000,0.099247
Q_ind_5_anc_3-2,0.873993,0.873510,0.759853,0.995996
Q_ind_6_anc_3-2,0.177803,0.182539,0.013164,0.290110
Q_ind_7_anc_3-2,0.084193,0.035889,0.000000,0.268043
Q_ind_8_anc_3-2,0.112686,0.121838,0.000000,0.222745
Q_ind_9_anc_3-2,0.138807,0.160140,0.000000,0.266022
Q_ind_10_anc_3-2,0.059058,0.052439,0.000000,0.174328
Q_ind_11_anc_3-2,0.104484,0.111650,0.000000,0.216807
Q_ind_12_anc_3-2,0.058215,0.009012,0.000000,0.204501
Q_ind_13_anc_3-2,0.005267,0.000028,0.000000,0.048066
Q_ind_14_anc_3-2,0.001750,0.000009,0.000000,0.017636
Q_ind_15_anc_3-2,0.021694,0.000515,0.000000,0.159725
Q_ind_16_anc_3-2,0.034789,0.004389,0.000000,0.143649
Q_ind_17_anc_3-2,0.001591,0.000007,0.000000,0.016371
Q_ind_18_anc_3-2,0.002458,0.000012,0.000000,0.029095
Q_ind_19_anc_3-2,0.003444,0.000018,0.000000,0.031202
Q_ind_20_anc_3-2,0.000706,0.000003,0.000000,0.006647
Q_ind_21_anc_3-2,0.005750,0.000078,0.000000,0.046589
Q_ind_22_anc_3-2,0.010385,0.000288,0.000000,0.072931
Q_ind_23_anc_3-2,0.023242,0.007154,0.000000,0.103725
Q_ind_24_anc_3-2,0.198367,0.197357,0.096205,0.300325
Q_ind_25_anc_3-2,0.003568,0.000015,0.000000,0.036824
Q_ind_26_anc_3-2,0.009453,0.000244,0.000000,0.065051
Q_ind_27_anc_3-2,0.011027,0.000389,0.000000,0.082515
Q_ind_28_anc_3-2,0.018614,0.000794,0.000000,0.104470
Q_ind_29_anc_3-2,0.008277,0.000188,0.000000,0.065358
Q_ind_30_anc_3-2,0.014997,0.000467,0.000000,0.087541
Q_ind_31_anc_3-2,0.125347,0.133149,0.000000,0.242010
Q_ind_32_anc_3-2,0.034254,0.000516,0.000000,0.228022
Q_ind_33_anc_3-2,0.125390,0.148088,0.000000,0.275178
Q_ind_34_anc_3-2,0.006898,0.000057,0.000000,0.060079
Q_ind_35_anc_3-2,0.110044,0.115794,0.000000,0.232240
Q_ind_36_anc_3-2,0.007700,0.000124,0.000000,0.059980
Q_ind_37_anc_3-2,0.159625,0.162544,0.003196,0.286039
Q_ind_38_anc_3-2,0.064330,0.052121,0.000000,0.200772
Q_ind_39_anc_3-2,0.485760,0.485665,0.404292,0.567083
Q_ind_40_anc_3-2,0.148759,0.140982,0.000000,0.389360
Q_ind_41_anc_3-2,0.504512,0.502520,0.378769,0.640857
Q_ind_42_anc_3-2,0.046057,0.037960,0.000000,0.142978
Q_ind_43_anc_3-2,0.007310,0.000061,0.000000,0.059516
Q_ind_44_anc_3-2,0.051240,0.048241,0.000000,0.137551
Q_ind_45_anc_3-2,0.017313,0.000689,0.000000,0.092122
Q_ind_46_anc_3-2,0.027093,0.008990,0.000000,0.112328
Q_ind_47_anc_3-2,0.012136,0.000245,0.000000,0.093114
Q_ind_48_anc_3-2,0.009137,0.000379,0.000000,0.057066
Q_ind_49_anc_3-2,0.001480,0.000012,0.000000,0.013839
Q_ind_50_anc_3-2,0.000749,0.000004,0.000000,0.007826
Q_ind_51_anc_3-2,0.000650,0.000004,0.000000,0.006353
Q_ind_52_anc_3-2,0.001293,0.000009,0.000000,0.011639
Q_ind_53_anc_3-2,0.000686,0.000003,0.000000,0.006815
Q_ind_54_anc_3-2,0.000876,0.000004,0.000000,0.008693
Q_ind_55_anc_3-2,0.000757,0.000004,0.000000,0.007487
Q_ind_56_anc_3-2,0.001255,0.000007,0.000000,0.012452
Q_ind_57_anc_3-2,0.002370,0.000012,0.000000,0.023143
Q_ind_58_anc_3-2,0.001301,0.000007,0.000000,0.013295
Q_ind_59_anc_3-2,0.003398,0.000029,0.000000,0.030137
Q_ind_60_anc_3-2,0.003791,0.000021,0.000000,0.035840
Q_ind_61_anc_3-2,0.006918,0.000055,0.000000,0.057802
Q_ind_62_anc_3-2,0.039921,0.020681,0.000000,0.154128
Q_ind_63_anc_3-2,0.002755,0.000015,0.000000,0.028924
Q_ind_64_anc_3-2,0.002621,0.000020,0.000000,0.023255
Q_ind_65_anc_3-2,0.004650,0.000036,0.000000,0.051229
Q_ind_66_anc_3-2,0.005790,0.000047,0.000000,0.044166
Q_ind_67_anc_3-2,0.023826,0.001725,0.000000,0.129665
Q_ind_68_anc_3-2,0.035133,0.008339,0.000000,0.155958
Q_ind_69_anc_3-2,0.002208,0.000011,0.000000,0.021461
Q_ind_70_anc_3-2,0.190023,0.210327,0.000000,0.417062
Q_ind_71_anc_3-2,0.009804,0.000073,0.000000,0.100646
Q_ind_72_anc_3-2,0.377692,0.378182,0.276422,0.472751
Q_ind_73_anc_3-2,0.339394,0.342929,0.194137,0.442687
Q_ind_74_anc_3-2,0.305491,0.306566,0.189148,0.415163
Q_ind_75_anc_3-2,0.133975,0.053796,0.000000,0.405182
Q_ind_76_anc_3-2,0.319108,0.318790,0.222373,0.415298
Q_ind_77_anc_3-2,0.117481,0.040145,0.000000,0.444881
Q_ind_78_anc_3-2,0.126931,0.082726,0.000000,0.376993
Q_ind_79_anc_3-2,0.115226,0.087855,0.000000,0.365752
Q_ind_80_anc_3-2,0.328856,0.333284,0.190557,0.442508
Q_ind_81_anc_3-2,0.006821,0.000038,0.000000,0.074238
Q_ind_82_anc_3-2,0.008920,0.000032,0.000000,0.105901
Q_ind_83_anc_3-2,0.038165,0.000692,0.000000,0.267969
Q_ind_84_anc_3-2,0.002983,0.000016,0.000000,0.029048
Q_ind_85_anc_3-2,0.008368,0.000029,0.000000,0.104106
Q_ind_86_anc_3-2,0.009971,0.000031,0.000000,0.124431
Q_ind_87_anc_3-2,0.430295,0.431218,0.336755,0.521151
Q_ind_88_anc_3-2,0.005185,0.000040,0.000000,0.048140
Q_ind_89_anc_3-2,0.000855,0.000005,0.000000,0.008057
Q_ind_90_anc_3-2,0.000728,0.000004,0.000000,0.007453
Q_ind_91_anc_3-2,0.000871,0.000005,0.000000,0.008894
Q_ind_92_anc_3-2,0.001015,0.000005,0.000000,0.010163
Q_ind_93_anc_3-2,0.000382,0.000002,0.000000,0.004135
Q_ind_94_anc_3-2,0.000338,0.000002,0.000000,0.003532
Q_ind_95_anc_3-2,0.000740,0.000005,0.000000,0.007028
Q_ind_96_anc_3-2,0.000241,0.000001,0.000000,0.002410
Q_ind_97_anc_3-2,0.000556,0.000002,0.000000,0.005204
Q_ind_98_anc_3-2,0.015598,0.002440,0.000000,0.067555
Q_ind_99_anc_3-2,0.062745,0.001302,0.000000,0.398986
Q_ind_100_anc_3-2,0.211439,0.233875,0.000000,0.517960
Q_ind_101_anc_3-2,0.012534,0.000117,0.000000,0.099707
Q_ind_102_anc_3-2,0.056527,0.001806,0.000000,0.338911
Q_ind_103_anc_3-2,0.108686,0.038558,0.000000,0.440206
Q_ind_104_anc_3-2,0.402115,0.409326,0.213592,0.508437
Q_ind_105_anc_3-2,0.032213,0.001497,0.000000,0.224635
Q_ind_106_anc_3-2,0.018468,0.000078,0.000000,0.226152
Q_ind_107_anc_3-2,0.003303,0.000062,0.000000,0.024733
Q_ind_108_anc_3-2,0.001545,0.000009,0.000000,0.014761
Q_ind_109_anc_3-2,0.001027,0.000007,0.000000,0.010183
Q_ind_110_anc_3-2,0.003696,0.000039,0.000000,0.028118
Q_ind_111_anc_3-2,0.000715,0.000003,0.000000,0.006693
Q_ind_112_anc_3-2,0.001482,0.000010,0.000000,0.013171
Q_ind_113_anc_3-2,0.000572,0.000004,0.000000,0.005433
Q_ind_114_anc_3-2,0.001461,0.000010,0.000000,0.013305
Q_ind_115_anc_3-2,0.001239,0.000006,0.000000,0.012107
Q_ind_116_anc_3-2,0.358922,0.363850,0.206359,0.475971
Q_ind_117_anc_3-2,0.019551,0.000165,0.000000,0.185420
Q_ind_118_anc_3-2,0.273830,0.277365,0.113009,0.404164
Q_ind_119_anc_3-2,0.324537,0.342571,0.010007,0.477001
Q_ind_120_anc_3-2,0.120552,0.127426,0.000000,0.316961
Q_ind_121_anc_3-2,0.051998,0.003315,0.000000,0.324609
Q_ind_122_anc_3-2,0.638419,0.638724,0.524669,0.745553
Q_ind_123_anc_3-2,0.812443,0.812660,0.751834,0.871374
Q_ind_124_anc_3-2,0.005265,0.000055,0.000000,0.049366
Q_ind_125_anc_3-2,0.010297,0.000152,0.000000,0.079811
Q_ind_126_anc_3-2,0.023990,0.001637,0.000000,0.124274
Q_ind_127_anc_3-2,0.003902,0.000016,0.000000,0.039836
Q_ind_128_anc_3-2,0.014551,0.000150,0.000000,0.110691
Q_ind_129_anc_3-2,0.468895,0.467052,0.378076,0.568411
Q_ind_130_anc_3-2,0.040052,0.001778,0.000000,0.213485
Q_ind_131_anc_3-2,0.032311,0.006555,0.000000,0.140350
Q_ind_132_anc_3-2,0.007002,0.000046,0.000000,0.062929
Q_ind_133_anc_3-2,0.329380,0.331164,0.241641,0.405342
Q_ind_134_anc_3-2,0.024714,0.002384,0.000000,0.140277
Q_ind_135_anc_3-2,0.006978,0.000047,0.000000,0.065648
Q_ind_136_anc_3-2,0.014903,0.000104,0.000000,0.121155
Q_ind_137_anc_3-2,0.006672,0.000055,0.000000,0.057293
Q_ind_138_anc_3-2,0.020370,0.001419,0.000000,0.105099
Q_ind_139_anc_3-2,0.196815,0.213971,0.000000,0.315351
Q_ind_140_anc_3-2,0.054137,0.039550,0.000000,0.178838
Q_ind_141_anc_3-2,0.004917,0.000032,0.000000,0.046530
Q_ind_142_anc_3-2,0.008050,0.000102,0.000000,0.071133
Q_ind_143_anc_3-2,0.026915,0.002054,0.000000,0.139018
Q_ind_144_anc_3-2,0.021955,0.000580,0.000000,0.125446
Q_ind_145_anc_3-2,0.120034,0.071736,0.000000,0.438835
Q_ind_146_anc_3-2,0.148960,0.080870,0.000000,0.500295
Q_ind_147_anc_3-2,0.008020,0.000025,0.000000,0.078574
Q_ind_148_anc_3-2,0.143571,0.151552,0.000000,0.257963
Q_ind_149_anc_3-2,0.793957,0.795353,0.710527,0.863726
Q_ind_150_anc_3-2,0.001414,0.000008,0.000000,0.014011
Q_ind_151_anc_3-2,0.005955,0.000042,0.000000,0.056549
Q_ind_152_anc_3-2,0.001056,0.000006,0.000000,0.010533
Q_ind_153_anc_3-2,0.001485,0.000008,0.000000,0.015639
Q_ind_154_anc_3-2,0.001496,0.000010,0.000000,0.014129
Q_ind_155_anc_3-2,0.328250,0.329460,0.237237,0.421724
Q_ind_156_anc_3-2,0.821181,0.822805,0.745599,0.881294
Q_ind_157_anc_3-2,0.337733,0.367570,0.000000,0.668167
Q_ind_158_anc_3-2,0.081987,0.008708,0.000000,0.428710
Q_ind_159_anc_3-2,0.402237,0.403306,0.161691,0.620915
Q_ind_160_anc_3-2,0.002486,0.000010,0.000000,0.024807
Q_ind_161_anc_3-2,0.627198,0.627748,0.420198,0.828930
Q_ind_162_anc_3-2,0.660805,0.701493,0.256940,0.824215
Q_ind_163_anc_3-2,0.203400,0.209139,0.000000,0.515935
Q_ind_164_anc_3-2,0.839898,0.855691,0.679239,0.943638
Q_ind_165_anc_3-2,0.006381,0.000050,0.000000,0.058086
Q_ind_166_anc_3-2,0.003698,0.000023,0.000000,0.033523
Q_ind_167_anc_3-2,0.009451,0.000210,0.000000,0.066829
Q_ind_168_anc_3-2,0.004204,0.000020,0.000000,0.038016
Q_ind_169_anc_3-2,0.217445,0.217310,0.113765,0.317091
Q_ind_170_anc_3-2,0.005685,0.000036,0.000000,0.052616
Q_ind_171_anc_3-2,0.004921,0.000040,0.000000,0.040815
Q_ind_172_anc_3-2,0.013799,0.000593,0.000000,0.078629
Q_ind_173_anc_3-2,0.000540,0.000002,0.000000,0.005607
Q_ind_174_anc_3-2,0.002217,0.000011,0.000000,0.024293
Q_ind_175_anc_3-2,0.000788,0.000004,0.000000,0.008256
Q_ind_176_anc_3-2,0.000658,0.000003,0.000000,0.006948
Q_ind_177_anc_3-2,0.007718,0.000189,0.000000,0.057531
Q_ind_178_anc_3-2,0.213311,0.213957,0.127503,0.299896
Q_ind_179_anc_3-2,0.002394,0.000011,0.000000,0.022985
Q_ind_180_anc_3-2,0.078801,0.078833,0.000000,0.202691
Q_ind_181_anc_3-2,0.006344,0.000034,0.000000,0.072640
Q_ind_182_anc_3-2,0.027554,0.001280,0.000000,0.155123
Q_ind_183_anc_3-2,0.009234,0.000072,0.000000,0.082480
Q_ind_184_anc_3-2,0.006292,0.000038,0.000000,0.061716
Q_ind_185_anc_3-2,0.647413,0.649473,0.524411,0.757577
Q_ind_186_anc_3-2,0.080663,0.078556,0.000000,0.219535
Q_ind_187_anc_3-2,0.095136,0.102433,0.000000,0.235930
Q_ind_188_anc_3-2,0.027457,0.000530,0.000000,0.179696
Q_ind_189_anc_3-2,0.103685,0.104905,0.000912,0.194373
Q_ind_190_anc_3-2,0.013190,0.000295,0.000000,0.088645
Q_ind_191_anc_3-2,0.281459,0.285046,0.155907,0.384622
Q_ind_192_anc_3-2,0.381282,0.383397,0.272628,0.482656
Q_ind_193_anc_3-2,0.191931,0.192152,0.090436,0.298977
Q_ind_194_anc_3-2,0.194299,0.201817,0.000016,0.315972
Q_ind_195_anc_3-2,0.315474,0.314946,0.223177,0.415938
Q_ind_196_anc_3-2,0.168919,0.204982,0.000000,0.331814
Q_ind_197_anc_3-2,0.086467,0.075947,0.000000,0.246247
Q_ind_198_anc_3-2,0.370228,0.371181,0.255217,0.482724
Q_ind_199_anc_3-2,0.241469,0.252103,0.000074,0.398466
Q_ind_200_anc_3-2,0.422535,0.422126,0.349877,0.494141
Q_ind_201_anc_3-2,0.434353,0.433991,0.352466,0.513687
Q_ind_202_anc_3-2,0.014332,0.000125,0.000000,0.129349
Q_ind_203_anc_3-2,0.449097,0.450386,0.362964,0.528484
Q_ind_204_anc_3-2,0.096688,0.084937,0.000000,0.265724
Q_ind_205_anc_3-2,0.020972,0.000049,0.000000,0.179222
Q_ind_206_anc_3-2,0.021493,0.000086,0.000000,0.168591
Q_ind_207_anc_3-2,0.027960,0.000300,0.000000,0.192078
Q_ind_208_anc_3-2,0.344210,0.347471,0.213611,0.455758
Q_ind_209_anc_3-2,0.261169,0.267927,0.128999,0.354146
Q_ind_210_anc_3-2,0.020111,0.000213,0.000000,0.161781
Q_ind_211_anc_3-2,0.001249,0.000004,0.000000,0.012358
Q_ind_212_anc_3-2,0.003785,0.000020,0.000000,0.035381
Q_ind_213_anc_3-2,0.002391,0.000017,0.000000,0.025801
Q_ind_214_anc_3-2,0.002843,0.000029,0.000000,0.025186
Q_ind_215_anc_3-2,0.019041,0.003299,0.000000,0.088343
Q_ind_216_anc_3-2,0.005668,0.000125,0.000000,0.042112
Q_ind_217_anc_3-2,0.002242,0.000011,0.000000,0.023870
Q_ind_218_anc_3-2,0.002690,0.000014,0.000000,0.026943
Q_ind_219_anc_3-2,0.003512,0.000037,0.000000,0.030498
Q_ind_220_anc_3-2,0.000919,0.000004,0.000000,0.010136
Q_ind_221_anc_3-2,0.000893,0.000005,0.000000,0.008342
Q_ind_222_anc_3-2,0.001065,0.000007,0.000000,0.010165
Q_ind_1_anc_3-3,0.525764,0.525845,0.432705,0.613784
Q_ind_2_anc_3-3,0.642751,0.641870,0.535479,0.752281
Q_ind_3_anc_3-3,0.906261,0.914141,0.807301,0.973105
Q_ind_4_anc_3-3,0.945476,0.947944,0.875529,0.998375
Q_ind_5_anc_3-3,0.058697,0.056120,0.000000,0.158482
Q_ind_6_anc_3-3,0.809397,0.809582,0.705326,0.913143
Q_ind_7_anc_3-3,0.852116,0.868428,0.725890,0.932821
Q_ind_8_anc_3-3,0.866274,0.865940,0.770548,0.956992
Q_ind_9_anc_3-3,0.839797,0.832709,0.730648,0.963917
Q_ind_10_anc_3-3,0.927353,0.933236,0.822299,0.998641
Q_ind_11_anc_3-3,0.877047,0.877092,0.779181,0.970556
Q_ind_12_anc_3-3,0.902907,0.914284,0.790005,0.976816
Q_ind_13_anc_3-3,0.002321,0.000015,0.000000,0.023701
Q_ind_14_anc_3-3,0.003504,0.000025,0.000000,0.033148
Q_ind_15_anc_3-3,0.012827,0.000320,0.000000,0.076372
Q_ind_16_anc_3-3,0.014428,0.001275,0.000000,0.074846
Q_ind_17_anc_3-3,0.000992,0.000004,0.000000,0.009269
Q_ind_18_anc_3-3,0.006544,0.000109,0.000000,0.052788
Q_ind_19_anc_3-3,0.001486,0.000007,0.000000,0.014972
Q_ind_20_anc_3-3,0.000560,0.000003,0.000000,0.005621
Q_ind_21_anc_3-3,0.002204,0.000015,0.000000,0.019678
Q_ind_22_anc_3-3,0.002534,0.000019,0.000000,0.023026
Q_ind_23_anc_3-3,0.005577,0.000099,0.000000,0.038439
Q_ind_24_anc_3-3,0.001837,0.000009,0.000000,0.018554
Q_ind_25_anc_3-3,0.002624,0.000020,0.000000,0.025319
Q_ind_26_anc_3-3,0.001848,0.000010,0.000000,0.017540
Q_ind_27_anc_3-3,0.004423,0.000067,0.000000,0.034406
Q_ind_28_anc_3-3,0.007484,0.000182,0.000000,0.048869
Q_ind_29_anc_3-3,0.003504,0.000052,0.000000,0.026979
Q_ind_30_anc_3-3,0.002396,0.000014,0.000000,0.021963
Q_ind_31_anc_3-3,0.626738,0.625847,0.517817,0.743240
Q_ind_32_anc_3-3,0.757025,0.769766,0.608897,0.864026
Q_ind_33_anc_3-3,0.668753,0.652620,0.529084,0.839410
Q_ind_34_anc_3-3,0.803154,0.803642,0.716140,0.887635
Q_ind_35_anc_3-3,0.623863,0.623743,0.516617,0.731148
Q_ind_36_anc_3-3,0.756719,0.756547,0.683845,0.829283
Q_ind_37_anc_3-3,0.601125,0.600972,0.488731,0.714975
Q_ind_38_anc_3-3,0.694996,0.696622,0.584345,0.801133
Q_ind_39_anc_3-3,0.000915,0.000004,0.000000,0.008912
Q_ind_40_anc_3-3,0.636498,0.645230,0.417744,0.800344
Q_ind_41_anc_3-3,0.348745,0.347587,0.227184,0.467837
Q_ind_42_anc_3-3,0.009090,0.000272,0.000000,0.064652
Q_ind_43_anc_3-3,0.003590,0.000024,0.000000,0.034299
Q_ind_44_anc_3-3,0.013852,0.000137,0.000000,0.085421
Q_ind_45_anc_3-3,0.003951,0.000061,0.000000,0.028802
Q_ind_46_anc_3-3,0.008494,0.000201,0.000000,0.057110
Q_ind_47_anc_3-3,0.005532,0.000074,0.000000,0.044427
Q_ind_48_anc_3-3,0.006165,0.000149,0.000000,0.036791
Q_ind_49_anc_3-3,0.002420,0.000042,0.000000,0.017789
Q_ind_50_anc_3-3,0.000521,0.000003,0.000000,0.004897
Q_ind_51_anc_3-3,0.000624,0.000003,0.000000,0.005965
Q_ind_52_anc_3-3,0.001004,0.000005,0.000000,0.010116
Q_ind_53_anc_3-3,0.000551,0.000003,0.000000,0.005641
Q_ind_54_anc_3-3,0.000654,0.000004,0.000000,0.006804
Q_ind_55_anc_3-3,0.000517,0.000003,0.000000,0.005012
Q_ind_56_anc_3-3,0.000744,0.000005,0.000000,0.007684
Q_ind_57_anc_3-3,0.001959,0.000018,0.000000,0.016481
Q_ind_58_anc_3-3,0.000621,0.000004,0.000000,0.005813
Q_ind_59_anc_3-3,0.001772,0.000019,0.000000,0.015942
Q_ind_60_anc_3-3,0.003628,0.000071,0.000000,0.025455
Q_ind_61_anc_3-3,0.005754,0.000246,0.000000,0.036948
Q_ind_62_anc_3-3,0.002113,0.000010,0.000000,0.021144
Q_ind_63_anc_3-3,0.000774,0.000004,0.000000,0.007313
Q_ind_64_anc_3-3,0.001110,0.000006,0.000000,0.011276
Q_ind_65_anc_3-3,0.004263,0.000066,0.000000,0.032582
Q_ind_66_anc_3-3,0.009095,0.000819,0.000000,0.046933
Q_ind_67_anc_3-3,0.001428,0.000007,0.000000,0.013822
Q_ind_68_anc_3-3,0.002450,0.000017,0.000000,0.023240
Q_ind_69_anc_3-3,0.002216,0.000024,0.000000,0.019864
Q_ind_70_anc_3-3,0.076106,0.065039,0.000000,0.198925
Q_ind_71_anc_3-3,0.150855,0.151557,0.090523,0.206122
Q_ind_72_anc_3-3,0.002365,0.000012,0.000000,0.024606
Q_ind_73_anc_3-3,0.008040,0.000055,0.000000,0.075357
Q_ind_74_anc_3-3,0.002630,0.000015,0.000000,0.026883
Q_ind_75_anc_3-3,0.113997,0.141338,0.000000,0.224185
Q_ind_76_anc_3-3,0.003406,0.000017,0.000000,0.035278
Q_ind_77_anc_3-3,0.148342,0.172288,0.000000,0.246784
Q_ind_78_anc_3-3,0.107334,0.128106,0.000000,0.208000
Q_ind_79_anc_3-3,0.126193,0.134355,0.014280,0.217473
Q_ind_80_anc_3-3,0.007914,0.000099,0.000000,0.069331
Q_ind_81_anc_3-3,0.499560,0.500228,0.420053,0.570023
Q_ind_82_anc_3-3,0.494709,0.497228,0.419848,0.556985
Q_ind_83_anc_3-3,0.410042,0.417018,0.286775,0.495205
Q_ind_84_anc_3-3,0.464024,0.464792,0.402531,0.521472
Q_ind_85_anc_3-3,0.426230,0.440024,0.266246,0.511137
Q_ind_86_anc_3-3,0.474419,0.479209,0.371221,0.544669
Q_ind_87_anc_3-3,0.002571,0.000018,0.000000,0.024120
Q_ind_88_anc_3-3,0.512450,0.514500,0.422372,0.587969
Q_ind_89_anc_3-3,0.000924,0.000009,0.000000,0.008164
Q_ind_90_anc_3-3,0.000745,0.000004,0.000000,0.007938
Q_ind_91_anc_3-3,0.000359,0.000002,0.000000,0.003336
Q_ind_92_anc_3-3,0.000655,0.000003,0.000000,0.006611
Q_ind_93_anc_3-3,0.000435,0.000002,0.000000,0.004411
Q_ind_94_anc_3-3,0.000425,0.000002,0.000000,0.004324
Q_ind_95_anc_3-3,0.001230,0.000011,0.000000,0.010956
Q_ind_96_anc_3-3,0.000364,0.000002,0.000000,0.003474
Q_ind_97_anc_3-3,0.000333,0.000002,0.000000,0.003120
Q_ind_98_anc_3-3,0.002166,0.000015,0.000000,0.019519
Q_ind_99_anc_3-3,0.161956,0.159207,0.070666,0.263280
Q_ind_100_anc_3-3,0.066601,0.036778,0.000000,0.224963
Q_ind_101_anc_3-3,0.303178,0.312987,0.170090,0.392886
Q_ind_102_anc_3-3,0.300553,0.315662,0.147331,0.381058
Q_ind_103_anc_3-3,0.199108,0.204087,0.025276,0.323864
Q_ind_104_anc_3-3,0.002315,0.000009,0.000000,0.025923
Q_ind_105_anc_3-3,0.316908,0.323175,0.194668,0.401281
Q_ind_106_anc_3-3,0.287724,0.298435,0.143124,0.384985
Q_ind_107_anc_3-3,0.002918,0.000032,0.000000,0.024026
Q_ind_108_anc_3-3,0.002249,0.000030,0.000000,0.017218
Q_ind_109_anc_3-3,0.001294,0.000011,0.000000,0.011202
Q_ind_110_anc_3-3,0.002016,0.000014,0.000000,0.018222
Q_ind_111_anc_3-3,0.000858,0.000004,0.000000,0.008343
Q_ind_112_anc_3-3,0.002823,0.000046,0.000000,0.021429
Q_ind_113_anc_3-3,0.001159,0.000008,0.000000,0.010402
Q_ind_114_anc_3-3,0.000904,0.000003,0.000000,0.009100
Q_ind_115_anc_3-3,0.000984,0.000006,0.000000,0.009397
Q_ind_116_anc_3-3,0.006157,0.000041,0.000000,0.058669
Q_ind_117_anc_3-3,0.184830,0.187666,0.095163,0.252300
Q_ind_118_anc_3-3,0.009806,0.000075,0.000000,0.081627
Q_ind_119_anc_3-3,0.017167,0.000164,0.000000,0.140384
Q_ind_120_anc_3-3,0.059685,0.057554,0.000000,0.155033
Q_ind_121_anc_3-3,0.156320,0.167860,0.000061,0.236148
Q_ind_122_anc_3-3,0.000874,0.000005,0.000000,0.008666
Q_ind_123_anc_3-3,0.000431,0.000002,0.000000,0.004314
Q_ind_124_anc_3-3,0.002914,0.000028,0.000000,0.025467
Q_ind_125_anc_3-3,0.006624,0.000167,0.000000,0.041500
Q_ind_126_anc_3-3,0.014641,0.007212,0.000000,0.058014
Q_ind_127_anc_3-3,0.001358,0.000009,0.000000,0.011999
Q_ind_128_anc_3-3,0.002356,0.000017,0.000000,0.021012
Q_ind_129_anc_3-3,0.000562,0.000003,0.000000,0.005582
Q_ind_130_anc_3-3,0.001039,0.000005,0.000000,0.009841
Q_ind_131_anc_3-3,0.004893,0.000042,0.000000,0.040611
Q_ind_132_anc_3-3,0.009169,0.000319,0.000000,0.054436
Q_ind_133_anc_3-3,0.000308,0.000001,0.000000,0.003218
Q_ind_134_anc_3-3,0.013350,0.000719,0.000000,0.071678
Q_ind_135_anc_3-3,0.029861,0.030662,0.000000,0.067752
Q_ind_136_anc_3-3,0.928337,0.931028,0.855853,0.983813
Q_ind_137_anc_3-3,0.970637,0.973939,0.921879,0.999332
Q_ind_138_anc_3-3,0.964668,0.971651,0.889143,0.999877
Q_ind_139_anc_3-3,0.787748,0.781517,0.678826,0.916757
Q_ind_140_anc_3-3,0.932479,0.941741,0.815318,0.999663
Q_ind_141_anc_3-3,0.989185,0.995222,0.946072,0.999991
Q_ind_142_anc_3-3,0.939606,0.940890,0.886306,0.987759
Q_ind_143_anc_3-3,0.945377,0.951013,0.856244,0.999388
Q_ind_144_anc_3-3,0.944381,0.947269,0.865402,0.999142
Q_ind_145_anc_3-3,0.372482,0.378478,0.215368,0.487052
Q_ind_146_anc_3-3,0.366691,0.382479,0.181206,0.503857
Q_ind_147_anc_3-3,0.451820,0.453773,0.382848,0.512567
Q_ind_148_anc_3-3,0.002860,0.000014,0.000000,0.025667
Q_ind_149_anc_3-3,0.000406,0.000002,0.000000,0.004148
Q_ind_150_anc_3-3,0.001048,0.000005,0.000000,0.009317
Q_ind_151_anc_3-3,0.002208,0.000013,0.000000,0.020282
Q_ind_152_anc_3-3,0.000594,0.000003,0.000000,0.005857
Q_ind_153_anc_3-3,0.000526,0.000002,0.000000,0.005426
Q_ind_154_anc_3-3,0.000830,0.000004,0.000000,0.008100
Q_ind_155_anc_3-3,0.000557,0.000003,0.000000,0.006136
Q_ind_156_anc_3-3,0.003427,0.000015,0.000000,0.035636
Q_ind_157_anc_3-3,0.280071,0.266198,0.112870,0.468056
Q_ind_158_anc_3-3,0.330464,0.351333,0.144365,0.421025
Q_ind_159_anc_3-3,0.210582,0.209313,0.094001,0.340599
Q_ind_160_anc_3-3,0.427667,0.427343,0.370038,0.483964
Q_ind_161_anc_3-3,0.011999,0.000181,0.000000,0.077271
Q_ind_162_anc_3-3,0.041712,0.001621,0.000000,0.257659
Q_ind_163_anc_3-3,0.281558,0.280886,0.110793,0.424670
Q_ind_164_anc_3-3,0.002755,0.000028,0.000000,0.024551
Q_ind_165_anc_3-3,0.002576,0.000030,0.000000,0.021829
Q_ind_166_anc_3-3,0.006502,0.000235,0.000000,0.041284
Q_ind_167_anc_3-3,0.011726,0.004807,0.000000,0.048459
Q_ind_168_anc_3-3,0.032600,0.032469,0.000000,0.081460
Q_ind_169_anc_3-3,0.000931,0.000005,0.000000,0.009251
Q_ind_170_anc_3-3,0.006684,0.000191,0.000000,0.042588
Q_ind_171_anc_3-3,0.973285,0.980809,0.906755,0.999943
Q_ind_172_anc_3-3,0.973837,0.981086,0.910802,0.999949
Q_ind_173_anc_3-3,0.998281,0.999259,0.990869,0.999999
Q_ind_174_anc_3-3,0.995340,0.998289,0.971024,0.999997
Q_ind_175_anc_3-3,0.997295,0.998825,0.986342,0.999998
Q_ind_176_anc_3-3,0.997943,0.999105,0.989575,0.999998
Q_ind_177_anc_3-3,0.985904,0.992682,0.935684,0.999985
Q_ind_178_anc_3-3,0.000571,0.000003,0.000000,0.005651
Q_ind_179_anc_3-3,0.995625,0.998403,0.974419,0.999997
Q_ind_180_anc_3-3,0.896773,0.899959,0.785508,0.991934
Q_ind_181_anc_3-3,0.895249,0.897262,0.832368,0.947006
Q_ind_182_anc_3-3,0.875228,0.882148,0.771830,0.944788
Q_ind_183_anc_3-3,0.933929,0.938915,0.859896,0.979113
Q_ind_184_anc_3-3,0.882460,0.885285,0.814770,0.933945
Q_ind_185_anc_3-3,0.074804,0.072050,0.000000,0.195646
Q_ind_186_anc_3-3,0.869824,0.876204,0.761835,0.952443
Q_ind_187_anc_3-3,0.607230,0.607854,0.494564,0.709447
Q_ind_188_anc_3-3,0.906068,0.911387,0.802269,0.970805
Q_ind_189_anc_3-3,0.000787,0.000005,0.000000,0.007771
Q_ind_190_anc_3-3,0.002072,0.000009,0.000000,0.021738
Q_ind_191_anc_3-3,0.001474,0.000006,0.000000,0.014088
Q_ind_192_anc_3-3,0.001319,0.000008,0.000000,0.012545
Q_ind_193_anc_3-3,0.002754,0.000009,0.000000,0.030736
Q_ind_194_anc_3-3,0.004953,0.000014,0.000000,0.064855
Q_ind_195_anc_3-3,0.000584,0.000003,0.000000,0.005898
Q_ind_196_anc_3-3,0.001878,0.000008,0.000000,0.019494
Q_ind_197_anc_3-3,0.002670,0.000021,0.000000,0.021820
Q_ind_198_anc_3-3,0.001133,0.000006,0.000000,0.010952
Q_ind_199_anc_3-3,0.004219,0.000035,0.000000,0.036181
Q_ind_200_anc_3-3,0.002011,0.000009,0.000000,0.020272
Q_ind_201_anc_3-3,0.000643,0.000004,0.000000,0.006356
Q_ind_202_anc_3-3,0.471822,0.472730,0.368578,0.569807
Q_ind_203_anc_3-3,0.005213,0.000025,0.000000,0.054062
Q_ind_204_anc_3-3,0.451914,0.444956,0.311409,0.611179
Q_ind_205_anc_3-3,0.526457,0.520802,0.412713,0.657638
Q_ind_206_anc_3-3,0.497709,0.495293,0.384332,0.636259
Q_ind_207_anc_3-3,0.414039,0.413214,0.310200,0.523380
Q_ind_208_anc_3-3,0.088221,0.085569,0.000000,0.221414
Q_ind_209_anc_3-3,0.023907,0.003808,0.000000,0.131755
Q_ind_210_anc_3-3,0.443418,0.443495,0.356908,0.531645
Q_ind_211_anc_3-3,0.001100,0.000007,0.000000,0.011365
Q_ind_212_anc_3-3,0.001551,0.000009,0.000000,0.014604
Q_ind_213_anc_3-3,0.001380,0.000007,0.000000,0.014047
Q_ind_214_anc_3-3,0.001890,0.000014,0.000000,0.017538
Q_ind_215_anc_3-3,0.003829,0.000045,0.000000,0.032259
Q_ind_216_anc_3-3,0.001581,0.000010,0.000000,0.014972
Q_ind_217_anc_3-3,0.001416,0.000008,0.000000,0.014840
Q_ind_218_anc_3-3,0.001752,0.000013,0.000000,0.015804
Q_ind_219_anc_3-3,0.004060,0.000110,0.000000,0.027607
Q_ind_220_anc_3-3,0.000557,0.000003,0.000000,0.005469
Q_ind_221_anc_3-3,0.000823,0.000005,0.000000,0.007843
Q_ind_222_anc_3-3,0.000490,0.000002,0.000000,0.005231
