param,mean,median,ci_0.950_LB,ci_0.950_UB
Q_ind_1_anc_1-1,0.634328,0.634818,0.566146,0.699619
Q_ind_2_anc_1-1,0.725287,0.725325,0.655793,0.792729
Q_ind_3_anc_1-1,0.854582,0.854941,0.784183,0.921807
Q_ind_4_anc_1-1,0.781513,0.780930,0.721373,0.845682
Q_ind_5_anc_1-1,0.432761,0.432445,0.365297,0.500179
Q_ind_6_anc_1-1,0.796378,0.796632,0.733394,0.859580
Q_ind_7_anc_1-1,0.794754,0.794677,0.728532,0.857056
Q_ind_8_anc_1-1,0.763752,0.763772,0.702217,0.825398
Q_ind_9_anc_1-1,0.847881,0.847362,0.768893,0.927763
Q_ind_10_anc_1-1,0.844141,0.844958,0.783030,0.902961
Q_ind_11_anc_1-1,0.757404,0.757683,0.694468,0.819561
Q_ind_12_anc_1-1,0.761367,0.761803,0.696496,0.823823
Q_ind_13_anc_1-1,0.001826,0.000345,0.000000,0.012471
Q_ind_14_anc_1-1,0.004506,0.001349,0.000000,0.025405
Q_ind_15_anc_1-1,0.004257,0.001000,0.000000,0.025353
Q_ind_16_anc_1-1,0.005390,0.001392,0.000000,0.033219
Q_ind_17_anc_1-1,0.001717,0.000313,0.000000,0.011516
Q_ind_18_anc_1-1,0.003617,0.000735,0.000000,0.023522
Q_ind_19_anc_1-1,0.002435,0.000519,0.000000,0.015210
Q_ind_20_anc_1-1,0.000846,0.000165,0.000000,0.005745
Q_ind_21_anc_1-1,0.181106,0.180154,0.084740,0.280925
Q_ind_22_anc_1-1,0.293772,0.293306,0.221807,0.367854
Q_ind_23_anc_1-1,0.297594,0.296667,0.209376,0.388573
Q_ind_24_anc_1-1,0.153159,0.151096,0.080082,0.237647
Q_ind_25_anc_1-1,0.244525,0.244441,0.161719,0.325088
Q_ind_26_anc_1-1,0.310424,0.311385,0.231184,0.384877
Q_ind_27_anc_1-1,0.232436,0.231460,0.151323,0.319176
Q_ind_28_anc_1-1,0.263715,0.262429,0.177776,0.352394
Q_ind_29_anc_1-1,0.266152,0.265160,0.175287,0.356624
Q_ind_30_anc_1-1,0.257979,0.256776,0.182566,0.333667
Q_ind_31_anc_1-1,0.395489,0.396154,0.325810,0.463783
Q_ind_32_anc_1-1,0.413792,0.413215,0.311800,0.521783
Q_ind_33_anc_1-1,0.415892,0.415831,0.336974,0.491823
Q_ind_34_anc_1-1,0.447838,0.448247,0.361182,0.533226
Q_ind_35_anc_1-1,0.415000,0.414391,0.346646,0.485386
Q_ind_36_anc_1-1,0.433908,0.432586,0.360689,0.511994
Q_ind_37_anc_1-1,0.362741,0.361948,0.290922,0.435724
Q_ind_38_anc_1-1,0.399444,0.399773,0.325514,0.472961
Q_ind_39_anc_1-1,0.003293,0.000697,0.000000,0.022438
Q_ind_40_anc_1-1,0.409464,0.410383,0.311214,0.505647
Q_ind_41_anc_1-1,0.355936,0.356310,0.271044,0.438112
Q_ind_42_anc_1-1,0.048350,0.048233,0.019484,0.078316
Q_ind_43_anc_1-1,0.038724,0.039288,0.000032,0.087668
Q_ind_44_anc_1-1,0.040258,0.042299,0.000030,0.080604
Q_ind_45_anc_1-1,0.057090,0.059920,0.000875,0.101377
Q_ind_46_anc_1-1,0.025651,0.026141,0.000001,0.062450
Q_ind_47_anc_1-1,0.032541,0.032143,0.000001,0.082483
Q_ind_48_anc_1-1,0.025409,0.020032,0.000000,0.077430
Q_ind_49_anc_1-1,0.048236,0.048029,0.019881,0.077773
Q_ind_50_anc_1-1,0.024981,0.025276,0.000002,0.058585
Q_ind_51_anc_1-1,0.002425,0.000642,0.000000,0.014579
Q_ind_52_anc_1-1,0.001314,0.000271,0.000000,0.008342
Q_ind_53_anc_1-1,0.001494,0.000309,0.000000,0.010139
Q_ind_54_anc_1-1,0.001517,0.000301,0.000000,0.009904
Q_ind_55_anc_1-1,0.001360,0.000290,0.000000,0.008736
Q_ind_56_anc_1-1,0.002567,0.000617,0.000000,0.016223
Q_ind_57_anc_1-1,0.001329,0.000252,0.000000,0.009274
Q_ind_58_anc_1-1,0.001819,0.000332,0.000000,0.012935
Q_ind_59_anc_1-1,0.002995,0.000589,0.000000,0.019903
Q_ind_60_anc_1-1,0.001359,0.000266,0.000000,0.009294
Q_ind_61_anc_1-1,0.002517,0.000553,0.000000,0.016152
Q_ind_62_anc_1-1,0.006616,0.001729,0.000000,0.037989
Q_ind_63_anc_1-1,0.996194,0.998008,0.983171,0.999994
Q_ind_64_anc_1-1,0.995950,0.997843,0.982050,0.999995
Q_ind_65_anc_1-1,0.992293,0.993986,0.974574,0.999975
Q_ind_66_anc_1-1,0.993672,0.995753,0.975941,0.999986
Q_ind_67_anc_1-1,0.996916,0.998347,0.986214,0.999996
Q_ind_68_anc_1-1,0.024287,0.019893,0.000001,0.076235
Q_ind_69_anc_1-1,0.003125,0.000575,0.000000,0.020591
Q_ind_70_anc_1-1,0.001373,0.000258,0.000000,0.009189
Q_ind_71_anc_1-1,0.080137,0.080841,0.017528,0.138555
Q_ind_72_anc_1-1,0.095599,0.095775,0.028636,0.160692
Q_ind_73_anc_1-1,0.078660,0.078373,0.023660,0.137229
Q_ind_74_anc_1-1,0.001948,0.000409,0.000000,0.013270
Q_ind_75_anc_1-1,0.001791,0.000370,0.000000,0.011959
Q_ind_76_anc_1-1,0.115180,0.111584,0.056866,0.187822
Q_ind_77_anc_1-1,0.407761,0.407941,0.333297,0.484506
Q_ind_78_anc_1-1,0.469930,0.469160,0.393177,0.554625
Q_ind_79_anc_1-1,0.351268,0.349996,0.280491,0.429683
Q_ind_80_anc_1-1,0.424254,0.424415,0.346964,0.497793
Q_ind_81_anc_1-1,0.426275,0.425728,0.353229,0.502439
Q_ind_82_anc_1-1,0.524305,0.524981,0.431123,0.609029
Q_ind_83_anc_1-1,0.466263,0.466274,0.386310,0.544907
Q_ind_84_anc_1-1,0.451884,0.451679,0.373058,0.532911
Q_ind_85_anc_1-1,0.453170,0.453620,0.377706,0.528019
Q_ind_86_anc_1-1,0.392915,0.392696,0.324101,0.463547
Q_ind_87_anc_1-1,0.442731,0.442406,0.365440,0.521151
Q_ind_88_anc_1-1,0.625514,0.632355,0.520075,0.699032
Q_ind_89_anc_1-1,0.533293,0.533152,0.452786,0.614982
Q_ind_90_anc_1-1,0.439682,0.439619,0.350217,0.529928
Q_ind_91_anc_1-1,0.500806,0.501430,0.421565,0.577552
Q_ind_92_anc_1-1,0.436212,0.435813,0.351939,0.527356
Q_ind_93_anc_1-1,0.511181,0.510866,0.417530,0.617165
Q_ind_94_anc_1-1,0.138941,0.139639,0.052781,0.215270
Q_ind_95_anc_1-1,0.529379,0.529864,0.439005,0.619291
Q_ind_96_anc_1-1,0.004544,0.001460,0.000000,0.023502
Q_ind_97_anc_1-1,0.011874,0.008948,0.000000,0.038324
Q_ind_98_anc_1-1,0.000685,0.000132,0.000000,0.004450
Q_ind_99_anc_1-1,0.000876,0.000179,0.000000,0.005756
Q_ind_100_anc_1-1,0.003525,0.001028,0.000000,0.018877
Q_ind_101_anc_1-1,0.001753,0.000415,0.000000,0.011206
Q_ind_102_anc_1-1,0.001452,0.000325,0.000000,0.009111
Q_ind_103_anc_1-1,0.007353,0.003565,0.000000,0.030945
Q_ind_104_anc_1-1,0.002129,0.000480,0.000000,0.013127
Q_ind_105_anc_1-1,0.000666,0.000142,0.000000,0.004449
Q_ind_106_anc_1-1,0.026020,0.026235,0.000021,0.057702
Q_ind_107_anc_1-1,0.179216,0.176869,0.092914,0.276097
Q_ind_108_anc_1-1,0.188440,0.189016,0.094727,0.282190
Q_ind_109_anc_1-1,0.297439,0.298080,0.185750,0.409380
Q_ind_110_anc_1-1,0.227032,0.226228,0.150302,0.308016
Q_ind_111_anc_1-1,0.263171,0.261518,0.177872,0.355446
Q_ind_112_anc_1-1,0.006839,0.001696,0.000000,0.038837
Q_ind_113_anc_1-1,0.370687,0.371946,0.253639,0.477292
Q_ind_114_anc_1-1,0.350682,0.347593,0.232812,0.476991
Q_ind_115_anc_1-1,0.023524,0.022785,0.000022,0.054691
Q_ind_116_anc_1-1,0.004604,0.001500,0.000000,0.024360
Q_ind_117_anc_1-1,0.005183,0.001546,0.000000,0.027077
Q_ind_118_anc_1-1,0.004664,0.001455,0.000000,0.024802
Q_ind_119_anc_1-1,0.005925,0.001842,0.000000,0.031233
Q_ind_120_anc_1-1,0.002476,0.000561,0.000000,0.015460
Q_ind_121_anc_1-1,0.023329,0.023371,0.000003,0.057261
Q_ind_122_anc_1-1,0.005654,0.003017,0.000000,0.023662
Q_ind_123_anc_1-1,0.004426,0.001429,0.000000,0.023964
Q_ind_124_anc_1-1,0.001792,0.000358,0.000000,0.011560
Q_ind_125_anc_1-1,0.388702,0.387847,0.312905,0.466519
Q_ind_126_anc_1-1,0.388512,0.389256,0.298801,0.473463
Q_ind_127_anc_1-1,0.347973,0.347407,0.266555,0.432595
Q_ind_128_anc_1-1,0.340801,0.340162,0.256909,0.428548
Q_ind_129_anc_1-1,0.382963,0.381849,0.296236,0.477309
Q_ind_130_anc_1-1,0.441576,0.441579,0.347302,0.532684
Q_ind_131_anc_1-1,0.143600,0.143635,0.072284,0.216642
Q_ind_132_anc_1-1,0.023722,0.014318,0.000001,0.087976
Q_ind_133_anc_1-1,0.233653,0.233161,0.152624,0.317812
Q_ind_134_anc_1-1,0.193868,0.193022,0.117702,0.275618
Q_ind_135_anc_1-1,0.331308,0.331784,0.251484,0.410378
Q_ind_136_anc_1-1,0.232265,0.232374,0.159113,0.305354
Q_ind_137_anc_1-1,0.103187,0.101895,0.025725,0.183619
Q_ind_138_anc_1-1,0.022552,0.014734,0.000000,0.077408
Q_ind_139_anc_1-1,0.033746,0.029010,0.000001,0.097271
Q_ind_140_anc_1-1,0.268964,0.268609,0.189962,0.345509
Q_ind_141_anc_1-1,0.266497,0.266032,0.190214,0.345078
Q_ind_142_anc_1-1,0.000921,0.000167,0.000000,0.006299
Q_ind_143_anc_1-1,0.222342,0.221459,0.141829,0.308208
Q_ind_144_anc_1-1,0.273212,0.272694,0.200782,0.347244
Q_ind_145_anc_1-1,0.990032,0.992608,0.966553,0.999973
Q_ind_146_anc_1-1,0.983267,0.984562,0.956915,0.999860
Q_ind_147_anc_1-1,0.994552,0.996947,0.976691,0.999990
Q_ind_148_anc_1-1,0.970359,0.970697,0.943062,0.996634
Q_ind_149_anc_1-1,0.851807,0.851180,0.795654,0.910184
Q_ind_150_anc_1-1,0.993836,0.995621,0.977377,0.999979
Q_ind_151_anc_1-1,0.991767,0.994415,0.970205,0.999982
Q_ind_152_anc_1-1,0.994219,0.996469,0.976942,0.999987
Q_ind_153_anc_1-1,0.988169,0.990385,0.964521,0.999967
Q_ind_154_anc_1-1,0.978501,0.979070,0.953477,0.998956
Q_ind_155_anc_1-1,0.450551,0.450377,0.382687,0.519804
Q_ind_156_anc_1-1,0.856439,0.857474,0.789865,0.914902
Q_ind_157_anc_1-1,0.853787,0.855725,0.788931,0.909485
Q_ind_158_anc_1-1,0.837718,0.837327,0.775107,0.903922
Q_ind_159_anc_1-1,0.778444,0.778587,0.706923,0.851887
Q_ind_160_anc_1-1,0.863018,0.861960,0.797599,0.931528
Q_ind_161_anc_1-1,0.829463,0.829962,0.765014,0.892616
Q_ind_162_anc_1-1,0.826496,0.827403,0.764948,0.883525
Q_ind_163_anc_1-1,0.876036,0.876107,0.815570,0.933562
Q_ind_164_anc_1-1,0.861845,0.861132,0.788457,0.932513
Q_ind_165_anc_1-1,0.383939,0.382422,0.304644,0.468950
Q_ind_166_anc_1-1,0.424696,0.424211,0.343762,0.505809
Q_ind_167_anc_1-1,0.512426,0.510931,0.434577,0.587629
Q_ind_168_anc_1-1,0.002725,0.000553,0.000000,0.016536
Q_ind_169_anc_1-1,0.094902,0.095255,0.009099,0.170386
Q_ind_170_anc_1-1,0.283308,0.280816,0.205000,0.375653
Q_ind_171_anc_1-1,0.238700,0.237137,0.148281,0.340621
Q_ind_172_anc_1-1,0.212146,0.213164,0.136777,0.283420
Q_ind_173_anc_1-1,0.008874,0.002184,0.000000,0.049227
Q_ind_174_anc_1-1,0.242725,0.242320,0.168003,0.319615
Q_ind_175_anc_1-1,0.004665,0.001155,0.000000,0.025815
Q_ind_176_anc_1-1,0.368920,0.370469,0.293988,0.437240
Q_ind_177_anc_1-1,0.711661,0.711242,0.632603,0.793255
Q_ind_178_anc_1-1,0.664665,0.663861,0.592818,0.740016
Q_ind_179_anc_1-1,0.639809,0.639864,0.576306,0.700923
Q_ind_180_anc_1-1,0.819892,0.822183,0.765954,0.861077
Q_ind_181_anc_1-1,0.400192,0.400854,0.325162,0.474555
Q_ind_182_anc_1-1,0.609784,0.609446,0.532086,0.687187
Q_ind_183_anc_1-1,0.667947,0.668240,0.592204,0.746177
Q_ind_184_anc_1-1,0.453207,0.453636,0.384604,0.523232
Q_ind_185_anc_1-1,0.152868,0.153443,0.042668,0.264006
Q_ind_186_anc_1-1,0.060559,0.059729,0.000946,0.133701
Q_ind_187_anc_1-1,0.128011,0.126902,0.066922,0.192968
Q_ind_188_anc_1-1,0.009670,0.002948,0.000000,0.052430
Q_ind_189_anc_1-1,0.242360,0.242578,0.153732,0.320981
Q_ind_190_anc_1-1,0.002570,0.000539,0.000000,0.016718
Q_ind_191_anc_1-1,0.067148,0.065928,0.000325,0.143789
Q_ind_192_anc_1-1,0.732922,0.733130,0.659428,0.803628
Q_ind_193_anc_1-1,0.801194,0.801029,0.730804,0.876185
Q_ind_194_anc_1-1,0.980703,0.983540,0.942811,0.999882
Q_ind_195_anc_1-1,0.862050,0.861556,0.796371,0.933217
Q_ind_196_anc_1-1,0.989164,0.993282,0.958031,0.999983
Q_ind_197_anc_1-1,0.959183,0.960002,0.919276,0.992982
Q_ind_198_anc_1-1,0.984211,0.986334,0.956753,0.999893
Q_ind_199_anc_1-1,0.847478,0.847882,0.782004,0.910352
Q_ind_200_anc_1-1,0.993373,0.996262,0.970622,0.999988
Q_ind_201_anc_1-1,0.001036,0.000201,0.000000,0.006919
Q_ind_202_anc_1-1,0.841759,0.841176,0.767622,0.925822
Q_ind_203_anc_1-1,0.751518,0.749123,0.654138,0.848943
Q_ind_204_anc_1-1,0.644894,0.645768,0.570210,0.717874
Q_ind_205_anc_1-1,0.694902,0.695354,0.603506,0.780623
Q_ind_206_anc_1-1,0.702515,0.701060,0.627521,0.783330
Q_ind_207_anc_1-1,0.728669,0.729015,0.630214,0.811082
Q_ind_208_anc_1-1,0.293386,0.292958,0.223268,0.368041
Q_ind_209_anc_1-1,0.689199,0.690341,0.609360,0.762961
Q_ind_210_anc_1-1,0.433894,0.434092,0.354596,0.509801
Q_ind_211_anc_1-1,0.670242,0.670399,0.593605,0.745363
Q_ind_212_anc_1-1,0.001008,0.000189,0.000000,0.006889
Q_ind_213_anc_1-1,0.035024,0.031485,0.000003,0.096536
Q_ind_214_anc_1-1,0.027285,0.018849,0.000001,0.094805
Q_ind_215_anc_1-1,0.090775,0.090290,0.032862,0.153025
Q_ind_216_anc_1-1,0.076077,0.075956,0.000732,0.154309
Q_ind_217_anc_1-1,0.057651,0.057164,0.000227,0.128878
Q_ind_218_anc_1-1,0.005140,0.001253,0.000000,0.030264
Q_ind_219_anc_1-1,0.127962,0.126966,0.063107,0.198753
Q_ind_220_anc_1-1,0.015254,0.007296,0.000000,0.061422
Q_ind_221_anc_1-1,0.033485,0.027283,0.000001,0.102898
Q_ind_222_anc_1-1,0.072916,0.072464,0.002385,0.142548
Q_ind_223_anc_1-1,0.047949,0.047187,0.000019,0.118483
Q_ind_224_anc_1-1,0.006050,0.001679,0.000000,0.035272
Q_ind_225_anc_1-1,0.340962,0.342212,0.254447,0.424667
Q_ind_226_anc_1-1,0.133260,0.133529,0.062825,0.200712
Q_ind_227_anc_1-1,0.371915,0.372999,0.282338,0.458671
Q_ind_228_anc_1-1,0.422101,0.421538,0.344054,0.503645
Q_ind_229_anc_1-1,0.382966,0.385092,0.287887,0.474914
Q_ind_230_anc_1-1,0.350164,0.349329,0.265666,0.437675
Q_ind_231_anc_1-1,0.122409,0.122033,0.055218,0.192287
Q_ind_232_anc_1-1,0.065881,0.065459,0.001080,0.139511
Q_ind_233_anc_1-1,0.361867,0.362035,0.289570,0.432874
Q_ind_234_anc_1-1,0.083716,0.084999,0.030259,0.124304
Q_ind_235_anc_1-1,0.014561,0.008798,0.000000,0.055971
Q_ind_236_anc_1-1,0.046874,0.045186,0.000006,0.112449
Q_ind_237_anc_1-1,0.006554,0.001781,0.000000,0.036150
Q_ind_238_anc_1-1,0.002328,0.000572,0.000000,0.014510
Q_ind_239_anc_1-1,0.005167,0.001055,0.000000,0.033045
Q_ind_240_anc_1-1,0.001629,0.000305,0.000000,0.011361
Q_ind_241_anc_1-1,0.007150,0.002269,0.000000,0.038037
Q_ind_242_anc_1-1,0.008485,0.002707,0.000000,0.045007
Q_ind_243_anc_1-1,0.000974,0.000195,0.000000,0.006482
Q_ind_244_anc_1-1,0.106874,0.107199,0.068479,0.143571
Q_ind_245_anc_1-1,0.000950,0.000187,0.000000,0.006273
Q_ind_1_anc_2-1,0.364612,0.364218,0.298988,0.432810
Q_ind_2_anc_2-1,0.272828,0.272878,0.205003,0.342992
Q_ind_3_anc_2-1,0.111531,0.114273,0.006090,0.206920
Q_ind_4_anc_2-1,0.213262,0.214386,0.141094,0.277069
Q_ind_5_anc_2-1,0.566528,0.566724,0.499072,0.634204
Q_ind_6_anc_2-1,0.198458,0.198905,0.131541,0.264073
Q_ind_7_anc_2-1,0.199661,0.200668,0.124380,0.269032
Q_ind_8_anc_2-1,0.232214,0.232554,0.165329,0.295423
Q_ind_9_anc_2-1,0.125096,0.129729,0.001056,0.227352
Q_ind_10_anc_2-1,0.151851,0.151819,0.084744,0.215199
Q_ind_11_anc_2-1,0.229440,0.232332,0.142944,0.301420
Q_ind_12_anc_2-1,0.236411,0.236218,0.172157,0.302180
Q_ind_13_anc_2-1,0.544082,0.543154,0.474984,0.617941
Q_ind_14_anc_2-1,0.552562,0.552797,0.477692,0.629595
Q_ind_15_anc_2-1,0.523478,0.523935,0.446692,0.598084
Q_ind_16_anc_2-1,0.611358,0.612098,0.533017,0.688293
Q_ind_17_anc_2-1,0.547403,0.547827,0.476472,0.618436
Q_ind_18_anc_2-1,0.508711,0.509294,0.427966,0.588565
Q_ind_19_anc_2-1,0.565544,0.565597,0.498393,0.634155
Q_ind_20_anc_2-1,0.825239,0.825697,0.752389,0.897103
Q_ind_21_anc_2-1,0.698842,0.696972,0.528527,0.869291
Q_ind_22_anc_2-1,0.577461,0.578290,0.453368,0.696886
Q_ind_23_anc_2-1,0.557077,0.558249,0.403258,0.704004
Q_ind_24_anc_2-1,0.835452,0.840602,0.724459,0.913502
Q_ind_25_anc_2-1,0.619966,0.620542,0.480247,0.763018
Q_ind_26_anc_2-1,0.509100,0.507703,0.394713,0.635597
Q_ind_27_anc_2-1,0.638620,0.643412,0.488053,0.768386
Q_ind_28_anc_2-1,0.630754,0.629390,0.483006,0.775656
Q_ind_29_anc_2-1,0.581177,0.583657,0.418046,0.739221
Q_ind_30_anc_2-1,0.611140,0.612331,0.481155,0.732089
Q_ind_31_anc_2-1,0.601692,0.601545,0.529704,0.672299
Q_ind_32_anc_2-1,0.549642,0.560264,0.357147,0.682106
Q_ind_33_anc_2-1,0.576651,0.578225,0.486580,0.659649
Q_ind_34_anc_2-1,0.544565,0.545396,0.450459,0.634694
Q_ind_35_anc_2-1,0.576944,0.578700,0.493437,0.651017
Q_ind_36_anc_2-1,0.548602,0.553782,0.442796,0.632993
Q_ind_37_anc_2-1,0.621985,0.623725,0.527008,0.705060
Q_ind_38_anc_2-1,0.594250,0.595240,0.509910,0.671434
Q_ind_39_anc_2-1,0.995151,0.997636,0.975376,0.999994
Q_ind_40_anc_2-1,0.576254,0.579007,0.447217,0.685655
Q_ind_41_anc_2-1,0.641459,0.641272,0.557644,0.727927
Q_ind_42_anc_2-1,0.006516,0.001435,0.000000,0.041130
Q_ind_43_anc_2-1,0.062846,0.056307,0.000010,0.160022
Q_ind_44_anc_2-1,0.031791,0.014996,0.000000,0.125451
Q_ind_45_anc_2-1,0.025136,0.009656,0.000000,0.118783
Q_ind_46_anc_2-1,0.028409,0.018436,0.000001,0.099785
Q_ind_47_anc_2-1,0.052747,0.046036,0.000001,0.147647
Q_ind_48_anc_2-1,0.068867,0.069841,0.000013,0.159129
Q_ind_49_anc_2-1,0.003466,0.000876,0.000000,0.021280
Q_ind_50_anc_2-1,0.026435,0.015543,0.000000,0.099513
Q_ind_51_anc_2-1,0.208412,0.208639,0.148441,0.271257
Q_ind_52_anc_2-1,0.188122,0.188141,0.125882,0.251114
Q_ind_53_anc_2-1,0.155573,0.155319,0.100736,0.212711
Q_ind_54_anc_2-1,0.205826,0.205704,0.143758,0.268028
Q_ind_55_anc_2-1,0.165653,0.164170,0.108419,0.228398
Q_ind_56_anc_2-1,0.167992,0.167458,0.104741,0.233473
Q_ind_57_anc_2-1,0.723596,0.722408,0.648754,0.802465
Q_ind_58_anc_2-1,0.162979,0.162631,0.103834,0.225586
Q_ind_59_anc_2-1,0.223218,0.222996,0.156723,0.291193
Q_ind_60_anc_2-1,0.191466,0.190198,0.133208,0.255277
Q_ind_61_anc_2-1,0.190991,0.190886,0.131176,0.252984
Q_ind_62_anc_2-1,0.184123,0.185532,0.105383,0.255273
Q_ind_63_anc_2-1,0.001478,0.000290,0.000000,0.009567
Q_ind_64_anc_2-1,0.000887,0.000166,0.000000,0.005967
Q_ind_65_anc_2-1,0.001130,0.000215,0.000000,0.007763
Q_ind_66_anc_2-1,0.001486,0.000319,0.000000,0.009433
Q_ind_67_anc_2-1,0.001329,0.000268,0.000000,0.008815
Q_ind_68_anc_2-1,0.336973,0.341149,0.233435,0.424608
Q_ind_69_anc_2-1,0.684595,0.686569,0.601951,0.759017
Q_ind_70_anc_2-1,0.584100,0.584866,0.513243,0.652898
Q_ind_71_anc_2-1,0.215012,0.212458,0.107434,0.339606
Q_ind_72_anc_2-1,0.223507,0.220239,0.106352,0.351352
Q_ind_73_anc_2-1,0.252248,0.250352,0.141117,0.372261
Q_ind_74_anc_2-1,0.634053,0.633988,0.564077,0.703668
Q_ind_75_anc_2-1,0.723679,0.723724,0.652374,0.796455
Q_ind_76_anc_2-1,0.132401,0.136082,0.002576,0.240728
Q_ind_77_anc_2-1,0.553550,0.555063,0.435261,0.657137
Q_ind_78_anc_2-1,0.477405,0.480162,0.340102,0.592091
Q_ind_79_anc_2-1,0.611622,0.616066,0.497721,0.710817
Q_ind_80_anc_2-1,0.524109,0.523386,0.409431,0.638745
Q_ind_81_anc_2-1,0.556107,0.559571,0.450818,0.640554
Q_ind_82_anc_2-1,0.345415,0.342057,0.217267,0.501118
Q_ind_83_anc_2-1,0.442320,0.443345,0.319542,0.569145
Q_ind_84_anc_2-1,0.534199,0.536658,0.424598,0.623200
Q_ind_85_anc_2-1,0.477808,0.476457,0.365258,0.598057
Q_ind_86_anc_2-1,0.598772,0.600334,0.514288,0.671543
Q_ind_87_anc_2-1,0.521088,0.524505,0.406033,0.624834
Q_ind_88_anc_2-1,0.081401,0.066132,0.000001,0.262877
Q_ind_89_anc_2-1,0.279463,0.279945,0.142794,0.413742
Q_ind_90_anc_2-1,0.302753,0.303814,0.144433,0.456437
Q_ind_91_anc_2-1,0.277953,0.277259,0.156678,0.405310
Q_ind_92_anc_2-1,0.414767,0.415205,0.267445,0.555066
Q_ind_93_anc_2-1,0.237641,0.240711,0.034451,0.401316
Q_ind_94_anc_2-1,0.858944,0.858428,0.782095,0.945517
Q_ind_95_anc_2-1,0.277719,0.279417,0.126206,0.432423
Q_ind_96_anc_2-1,0.005454,0.001400,0.000000,0.030334
Q_ind_97_anc_2-1,0.007609,0.002408,0.000000,0.041216
Q_ind_98_anc_2-1,0.701723,0.701502,0.627986,0.777889
Q_ind_99_anc_2-1,0.894285,0.895245,0.829814,0.957170
Q_ind_100_anc_2-1,0.003301,0.000737,0.000000,0.021485
Q_ind_101_anc_2-1,0.002691,0.000602,0.000000,0.016581
Q_ind_102_anc_2-1,0.002302,0.000573,0.000000,0.014848
Q_ind_103_anc_2-1,0.005887,0.001529,0.000000,0.033830
Q_ind_104_anc_2-1,0.002113,0.000395,0.000000,0.014216
Q_ind_105_anc_2-1,0.785986,0.786332,0.714700,0.853549
Q_ind_106_anc_2-1,0.015437,0.004650,0.000000,0.078379
Q_ind_107_anc_2-1,0.616013,0.620385,0.437346,0.766907
Q_ind_108_anc_2-1,0.623765,0.621037,0.464404,0.811553
Q_ind_109_anc_2-1,0.381425,0.377253,0.172341,0.594343
Q_ind_110_anc_2-1,0.502919,0.500718,0.364792,0.640102
Q_ind_111_anc_2-1,0.456356,0.459098,0.292075,0.605225
Q_ind_112_anc_2-1,0.946312,0.950510,0.851909,0.999903
Q_ind_113_anc_2-1,0.326830,0.326038,0.150806,0.518558
Q_ind_114_anc_2-1,0.267196,0.271454,0.024480,0.485373
Q_ind_115_anc_2-1,0.011452,0.002668,0.000000,0.063859
Q_ind_116_anc_2-1,0.004242,0.000845,0.000000,0.024750
Q_ind_117_anc_2-1,0.006135,0.001501,0.000000,0.033897
Q_ind_118_anc_2-1,0.015578,0.007496,0.000000,0.060795
Q_ind_119_anc_2-1,0.007293,0.002179,0.000000,0.040315
Q_ind_120_anc_2-1,0.004614,0.001035,0.000000,0.027836
Q_ind_121_anc_2-1,0.017673,0.008100,0.000000,0.075790
Q_ind_122_anc_2-1,0.003181,0.000608,0.000000,0.019634
Q_ind_123_anc_2-1,0.004401,0.000851,0.000000,0.029229
Q_ind_124_anc_2-1,0.342657,0.342945,0.278114,0.409945
Q_ind_125_anc_2-1,0.575438,0.579741,0.454146,0.677087
Q_ind_126_anc_2-1,0.481638,0.479958,0.351877,0.623638
Q_ind_127_anc_2-1,0.538293,0.537224,0.412289,0.669093
Q_ind_128_anc_2-1,0.585694,0.587933,0.432271,0.727595
Q_ind_129_anc_2-1,0.501764,0.502121,0.339169,0.658633
Q_ind_130_anc_2-1,0.365884,0.362369,0.210703,0.536346
Q_ind_131_anc_2-1,0.855280,0.855284,0.782292,0.926883
Q_ind_132_anc_2-1,0.975727,0.985289,0.911165,0.999972
Q_ind_133_anc_2-1,0.510779,0.512719,0.361236,0.647384
Q_ind_134_anc_2-1,0.643096,0.642929,0.506302,0.774591
Q_ind_135_anc_2-1,0.391096,0.389665,0.260741,0.525005
Q_ind_136_anc_2-1,0.522251,0.523582,0.386841,0.651526
Q_ind_137_anc_2-1,0.842286,0.846602,0.696440,0.964388
Q_ind_138_anc_2-1,0.975422,0.982905,0.920604,0.999960
Q_ind_139_anc_2-1,0.924524,0.932864,0.807866,0.999244
Q_ind_140_anc_2-1,0.482879,0.480502,0.359121,0.621420
Q_ind_141_anc_2-1,0.510677,0.511408,0.376673,0.645124
Q_ind_142_anc_2-1,0.997158,0.998712,0.985880,0.999998
Q_ind_143_anc_2-1,0.609288,0.610498,0.464500,0.746520
Q_ind_144_anc_2-1,0.460719,0.460934,0.328598,0.587925
Q_ind_145_anc_2-1,0.001274,0.000289,0.000000,0.007967
Q_ind_146_anc_2-1,0.002072,0.000366,0.000000,0.014701
Q_ind_147_anc_2-1,0.001668,0.000322,0.000000,0.010835
Q_ind_148_anc_2-1,0.001632,0.000367,0.000000,0.010379
Q_ind_149_anc_2-1,0.129993,0.135543,0.024011,0.199090
Q_ind_150_anc_2-1,0.001559,0.000357,0.000000,0.009668
Q_ind_151_anc_2-1,0.002321,0.000417,0.000000,0.016074
Q_ind_152_anc_2-1,0.001745,0.000364,0.000000,0.011132
Q_ind_153_anc_2-1,0.001434,0.000288,0.000000,0.009712
Q_ind_154_anc_2-1,0.001607,0.000328,0.000000,0.010612
Q_ind_155_anc_2-1,0.548650,0.548776,0.479426,0.616894
Q_ind_156_anc_2-1,0.122029,0.121249,0.045970,0.201952
Q_ind_157_anc_2-1,0.089407,0.086415,0.003916,0.181045
Q_ind_158_anc_2-1,0.142329,0.145542,0.048045,0.218625
Q_ind_159_anc_2-1,0.218692,0.218688,0.142718,0.291809
Q_ind_160_anc_2-1,0.130602,0.133717,0.047015,0.199567
Q_ind_161_anc_2-1,0.168475,0.168316,0.103628,0.233720
Q_ind_162_anc_2-1,0.163231,0.164967,0.084019,0.229679
Q_ind_163_anc_2-1,0.120163,0.120699,0.055544,0.182760
Q_ind_164_anc_2-1,0.099547,0.102751,0.000131,0.198794
Q_ind_165_anc_2-1,0.573947,0.580129,0.435294,0.682564
Q_ind_166_anc_2-1,0.472655,0.474688,0.343298,0.599127
Q_ind_167_anc_2-1,0.288979,0.289022,0.168946,0.412102
Q_ind_168_anc_2-1,0.984298,0.991139,0.933227,0.999964
Q_ind_169_anc_2-1,0.904388,0.904132,0.829181,0.990351
Q_ind_170_anc_2-1,0.424948,0.429106,0.268592,0.564024
Q_ind_171_anc_2-1,0.619146,0.621519,0.442905,0.775387
Q_ind_172_anc_2-1,0.535171,0.534890,0.412783,0.658409
Q_ind_173_anc_2-1,0.872397,0.874597,0.785675,0.945868
Q_ind_174_anc_2-1,0.559380,0.560372,0.427000,0.680782
Q_ind_175_anc_2-1,0.992955,0.996295,0.968287,0.999990
Q_ind_176_anc_2-1,0.629637,0.627763,0.560321,0.704792
Q_ind_177_anc_2-1,0.248768,0.253087,0.121995,0.359766
Q_ind_178_anc_2-1,0.315945,0.318655,0.215026,0.402607
Q_ind_179_anc_2-1,0.355665,0.355751,0.289372,0.421147
Q_ind_180_anc_2-1,0.019340,0.007065,0.000000,0.099351
Q_ind_181_anc_2-1,0.597403,0.596882,0.519571,0.673018
Q_ind_182_anc_2-1,0.369343,0.373199,0.256430,0.460521
Q_ind_183_anc_2-1,0.278171,0.278522,0.162556,0.389416
Q_ind_184_anc_2-1,0.544504,0.544297,0.473878,0.614623
Q_ind_185_anc_2-1,0.324889,0.319737,0.098524,0.541706
Q_ind_186_anc_2-1,0.432858,0.431781,0.295858,0.562700
Q_ind_187_anc_2-1,0.320390,0.321548,0.196440,0.438304
Q_ind_188_anc_2-1,0.488659,0.490686,0.397201,0.567914
Q_ind_189_anc_2-1,0.111789,0.111372,0.000022,0.272855
Q_ind_190_anc_2-1,0.714398,0.714747,0.637798,0.791042
Q_ind_191_anc_2-1,0.387133,0.388286,0.244885,0.538641
Q_ind_192_anc_2-1,0.265340,0.265401,0.194675,0.339227
Q_ind_193_anc_2-1,0.175536,0.181015,0.054362,0.262017
Q_ind_194_anc_2-1,0.008537,0.002310,0.000000,0.047423
Q_ind_195_anc_2-1,0.125053,0.128742,0.030112,0.200358
Q_ind_196_anc_2-1,0.004362,0.000807,0.000000,0.029280
Q_ind_197_anc_2-1,0.007652,0.001824,0.000000,0.047596
Q_ind_198_anc_2-1,0.005331,0.001403,0.000000,0.029326
Q_ind_199_anc_2-1,0.148463,0.148436,0.081042,0.215949
Q_ind_200_anc_2-1,0.004020,0.001067,0.000000,0.024893
Q_ind_201_anc_2-1,0.997259,0.998741,0.986078,0.999997
Q_ind_202_anc_2-1,0.144770,0.151367,0.012453,0.228855
Q_ind_203_anc_2-1,0.160097,0.167392,0.000288,0.322520
Q_ind_204_anc_2-1,0.332758,0.335063,0.228896,0.423795
Q_ind_205_anc_2-1,0.185986,0.184696,0.043084,0.340372
Q_ind_206_anc_2-1,0.252086,0.256040,0.132022,0.357610
Q_ind_207_anc_2-1,0.121648,0.121528,0.000037,0.290446
Q_ind_208_anc_2-1,0.705827,0.706163,0.631058,0.776156
Q_ind_209_anc_2-1,0.240785,0.238857,0.129417,0.366740
Q_ind_210_anc_2-1,0.559395,0.560447,0.473363,0.642755
Q_ind_211_anc_2-1,0.282044,0.285267,0.157157,0.394645
Q_ind_212_anc_2-1,0.995980,0.998288,0.977737,0.999996
Q_ind_213_anc_2-1,0.944483,0.954699,0.830201,0.999371
Q_ind_214_anc_2-1,0.965549,0.974820,0.886522,0.999874
Q_ind_215_anc_2-1,0.900175,0.901673,0.825099,0.963720
Q_ind_216_anc_2-1,0.894414,0.902654,0.762526,0.993056
Q_ind_217_anc_2-1,0.918387,0.923780,0.805750,0.995256
Q_ind_218_anc_2-1,0.993340,0.997085,0.966712,0.999993
Q_ind_219_anc_2-1,0.780708,0.783771,0.658272,0.886701
Q_ind_220_anc_2-1,0.973013,0.979928,0.909732,0.999857
Q_ind_221_anc_2-1,0.960706,0.968334,0.882289,0.999774
Q_ind_222_anc_2-1,0.908151,0.913173,0.793882,0.991590
Q_ind_223_anc_2-1,0.950912,0.951410,0.879685,0.999761
Q_ind_224_anc_2-1,0.993022,0.996983,0.964234,0.999991
Q_ind_225_anc_2-1,0.515276,0.512733,0.376449,0.659047
Q_ind_226_anc_2-1,0.865470,0.865307,0.797425,0.935717
Q_ind_227_anc_2-1,0.420175,0.420740,0.274525,0.571476
Q_ind_228_anc_2-1,0.419095,0.421018,0.282588,0.541103
Q_ind_229_anc_2-1,0.459395,0.456599,0.307439,0.618792
Q_ind_230_anc_2-1,0.522246,0.523621,0.370059,0.659565
Q_ind_231_anc_2-1,0.876570,0.876982,0.806023,0.944217
Q_ind_232_anc_2-1,0.852900,0.852135,0.718601,0.974476
Q_ind_233_anc_2-1,0.513477,0.513209,0.400418,0.628032
Q_ind_234_anc_2-1,0.021147,0.007015,0.000000,0.114183
Q_ind_235_anc_2-1,0.229875,0.231659,0.141385,0.306972
Q_ind_236_anc_2-1,0.148157,0.149714,0.013029,0.261651
Q_ind_237_anc_2-1,0.198234,0.198866,0.127071,0.268886
Q_ind_238_anc_2-1,0.315773,0.315301,0.248790,0.382018
Q_ind_239_anc_2-1,0.224647,0.225610,0.146241,0.296266
Q_ind_240_anc_2-1,0.356641,0.355773,0.288697,0.429767
Q_ind_241_anc_2-1,0.359990,0.360771,0.284537,0.433246
Q_ind_242_anc_2-1,0.255656,0.258301,0.170779,0.327444
Q_ind_243_anc_2-1,0.528840,0.527985,0.458446,0.601167
Q_ind_244_anc_2-1,0.013370,0.003507,0.000000,0.073763
Q_ind_245_anc_2-1,0.518920,0.518975,0.446111,0.590165
Q_ind_1_anc_2-2,0.001061,0.000232,0.000000,0.006674
Q_ind_2_anc_2-2,0.001886,0.000369,0.000000,0.012437
Q_ind_3_anc_2-2,0.033887,0.031399,0.000042,0.085691
Q_ind_4_anc_2-2,0.005225,0.001285,0.000000,0.031508
Q_ind_5_anc_2-2,0.000711,0.000151,0.000000,0.004645
Q_ind_6_anc_2-2,0.005164,0.001655,0.000000,0.028626
Q_ind_7_anc_2-2,0.005585,0.001494,0.000000,0.031636
Q_ind_8_anc_2-2,0.004034,0.000941,0.000000,0.023613
Q_ind_9_anc_2-2,0.027023,0.020896,0.000001,0.086624
Q_ind_10_anc_2-2,0.004008,0.000887,0.000000,0.024861
Q_ind_11_anc_2-2,0.013156,0.006467,0.000000,0.057447
Q_ind_12_anc_2-2,0.002222,0.000440,0.000000,0.015780
Q_ind_13_anc_2-2,0.454092,0.455083,0.380655,0.522252
Q_ind_14_anc_2-2,0.442932,0.442769,0.367792,0.515114
Q_ind_15_anc_2-2,0.472265,0.472433,0.400235,0.544500
Q_ind_16_anc_2-2,0.383252,0.383503,0.309485,0.456490
Q_ind_17_anc_2-2,0.450880,0.450563,0.379811,0.521453
Q_ind_18_anc_2-2,0.487673,0.487273,0.409495,0.563753
Q_ind_19_anc_2-2,0.432022,0.432034,0.364368,0.497347
Q_ind_20_anc_2-2,0.173915,0.173400,0.102663,0.246809
Q_ind_21_anc_2-2,0.120052,0.120395,0.031517,0.213883
Q_ind_22_anc_2-2,0.128768,0.127658,0.061130,0.199122
Q_ind_23_anc_2-2,0.145329,0.144857,0.066362,0.231175
Q_ind_24_anc_2-2,0.011389,0.003283,0.000000,0.065408
Q_ind_25_anc_2-2,0.135509,0.134996,0.057201,0.219129
Q_ind_26_anc_2-2,0.180475,0.180567,0.110391,0.246852
Q_ind_27_anc_2-2,0.128945,0.126405,0.057392,0.214151
Q_ind_28_anc_2-2,0.105531,0.105081,0.027592,0.183423
Q_ind_29_anc_2-2,0.152671,0.151931,0.066473,0.244847
Q_ind_30_anc_2-2,0.130880,0.130520,0.062993,0.205415
Q_ind_31_anc_2-2,0.002820,0.000719,0.000000,0.017764
Q_ind_32_anc_2-2,0.036566,0.023033,0.000000,0.134523
Q_ind_33_anc_2-2,0.007457,0.001715,0.000000,0.043225
Q_ind_34_anc_2-2,0.007597,0.002106,0.000000,0.043702
Q_ind_35_anc_2-2,0.008055,0.002182,0.000000,0.045232
Q_ind_36_anc_2-2,0.017490,0.011029,0.000000,0.066253
Q_ind_37_anc_2-2,0.015274,0.008049,0.000000,0.060048
Q_ind_38_anc_2-2,0.006307,0.001443,0.000000,0.034179
Q_ind_39_anc_2-2,0.001556,0.000326,0.000000,0.009510
Q_ind_40_anc_2-2,0.014282,0.005108,0.000000,0.070716
Q_ind_41_anc_2-2,0.002604,0.000635,0.000000,0.016046
Q_ind_42_anc_2-2,0.945134,0.945765,0.913197,0.973143
Q_ind_43_anc_2-2,0.898430,0.901677,0.831104,0.951775
Q_ind_44_anc_2-2,0.927951,0.931995,0.866721,0.968439
Q_ind_45_anc_2-2,0.917773,0.920407,0.862153,0.956615
Q_ind_46_anc_2-2,0.945940,0.948571,0.894550,0.982291
Q_ind_47_anc_2-2,0.914712,0.918090,0.846819,0.964407
Q_ind_48_anc_2-2,0.905724,0.909127,0.834496,0.960515
Q_ind_49_anc_2-2,0.948298,0.948615,0.917372,0.976197
Q_ind_50_anc_2-2,0.948584,0.951674,0.897074,0.983168
Q_ind_51_anc_2-2,0.789163,0.789165,0.727630,0.847001
Q_ind_52_anc_2-2,0.810563,0.810541,0.747234,0.871513
Q_ind_53_anc_2-2,0.842934,0.843288,0.786483,0.896941
Q_ind_54_anc_2-2,0.792656,0.792958,0.730477,0.853409
Q_ind_55_anc_2-2,0.832987,0.834133,0.770409,0.888761
Q_ind_56_anc_2-2,0.829441,0.830456,0.766054,0.888772
Q_ind_57_anc_2-2,0.275076,0.276219,0.195628,0.350790
Q_ind_58_anc_2-2,0.835202,0.835732,0.773356,0.892537
Q_ind_59_anc_2-2,0.773787,0.774921,0.707424,0.836078
Q_ind_60_anc_2-2,0.807175,0.808339,0.744258,0.864260
Q_ind_61_anc_2-2,0.806492,0.806693,0.745582,0.865642
Q_ind_62_anc_2-2,0.809261,0.808865,0.742369,0.876443
Q_ind_63_anc_2-2,0.002328,0.000539,0.000000,0.013830
Q_ind_64_anc_2-2,0.003163,0.000949,0.000000,0.016640
Q_ind_65_anc_2-2,0.006577,0.004840,0.000000,0.023430
Q_ind_66_anc_2-2,0.004842,0.002523,0.000000,0.021740
Q_ind_67_anc_2-2,0.001756,0.000406,0.000000,0.010525
Q_ind_68_anc_2-2,0.638740,0.638641,0.568338,0.709853
Q_ind_69_anc_2-2,0.312280,0.310882,0.240000,0.388562
Q_ind_70_anc_2-2,0.414527,0.413853,0.346435,0.484640
Q_ind_71_anc_2-2,0.704851,0.706471,0.626711,0.774178
Q_ind_72_anc_2-2,0.680894,0.681218,0.603069,0.753812
Q_ind_73_anc_2-2,0.669093,0.670769,0.589650,0.740905
Q_ind_74_anc_2-2,0.363999,0.364302,0.294967,0.433907
Q_ind_75_anc_2-2,0.274530,0.274468,0.202443,0.345617
Q_ind_76_anc_2-2,0.752419,0.751576,0.682667,0.824605
Q_ind_77_anc_2-2,0.038689,0.036117,0.000004,0.104497
Q_ind_78_anc_2-2,0.052666,0.051655,0.000060,0.126331
Q_ind_79_anc_2-2,0.037109,0.035736,0.000001,0.098871
Q_ind_80_anc_2-2,0.051637,0.050928,0.000150,0.113685
Q_ind_81_anc_2-2,0.017618,0.011215,0.000000,0.065766
Q_ind_82_anc_2-2,0.130280,0.130762,0.052956,0.199943
Q_ind_83_anc_2-2,0.091417,0.090544,0.026059,0.154557
Q_ind_84_anc_2-2,0.013917,0.004846,0.000000,0.068363
Q_ind_85_anc_2-2,0.069022,0.068692,0.006392,0.129312
Q_ind_86_anc_2-2,0.008313,0.002392,0.000000,0.046089
Q_ind_87_anc_2-2,0.036180,0.033751,0.000026,0.092585
Q_ind_88_anc_2-2,0.293085,0.298349,0.198947,0.364066
Q_ind_89_anc_2-2,0.187244,0.186696,0.115906,0.260899
Q_ind_90_anc_2-2,0.257565,0.257401,0.169959,0.347460
Q_ind_91_anc_2-2,0.221241,0.220738,0.151122,0.290515
Q_ind_92_anc_2-2,0.149021,0.147877,0.071593,0.229853
Q_ind_93_anc_2-2,0.251179,0.249234,0.163300,0.350514
Q_ind_94_anc_2-2,0.002115,0.000442,0.000000,0.014676
Q_ind_95_anc_2-2,0.192901,0.191396,0.113493,0.272050
Q_ind_96_anc_2-2,0.990002,0.993174,0.963380,0.999980
Q_ind_97_anc_2-2,0.980516,0.982151,0.951054,0.999804
Q_ind_98_anc_2-2,0.297592,0.298014,0.221057,0.371438
Q_ind_99_anc_2-2,0.104840,0.104036,0.042597,0.169333
Q_ind_100_anc_2-2,0.993173,0.996014,0.971674,0.999989
Q_ind_101_anc_2-2,0.995556,0.997625,0.979967,0.999991
Q_ind_102_anc_2-2,0.996246,0.997969,0.982694,0.999994
Q_ind_103_anc_2-2,0.986760,0.989563,0.958227,0.999943
Q_ind_104_anc_2-2,0.995758,0.997804,0.980924,0.999993
Q_ind_105_anc_2-2,0.213348,0.212914,0.145935,0.283988
Q_ind_106_anc_2-2,0.958543,0.960735,0.913531,0.990377
Q_ind_107_anc_2-2,0.204771,0.203208,0.117858,0.302772
Q_ind_108_anc_2-2,0.187795,0.191196,0.080496,0.274991
Q_ind_109_anc_2-2,0.321136,0.322574,0.194144,0.432595
Q_ind_110_anc_2-2,0.270049,0.270828,0.187514,0.350771
Q_ind_111_anc_2-2,0.280473,0.278577,0.194987,0.370597
Q_ind_112_anc_2-2,0.046849,0.044864,0.000002,0.123482
Q_ind_113_anc_2-2,0.302484,0.302490,0.204374,0.400577
Q_ind_114_anc_2-2,0.382121,0.380492,0.257151,0.514542
Q_ind_115_anc_2-2,0.965024,0.966790,0.921816,0.996515
Q_ind_116_anc_2-2,0.991154,0.994671,0.965287,0.999980
Q_ind_117_anc_2-2,0.988682,0.992574,0.957419,0.999983
Q_ind_118_anc_2-2,0.979758,0.984245,0.937233,0.999913
Q_ind_119_anc_2-2,0.986782,0.990756,0.953015,0.999959
Q_ind_120_anc_2-2,0.992909,0.996100,0.969304,0.999990
Q_ind_121_anc_2-2,0.958999,0.960375,0.918594,0.994213
Q_ind_122_anc_2-2,0.991164,0.993917,0.969439,0.999968
Q_ind_123_anc_2-2,0.991173,0.994748,0.963330,0.999983
Q_ind_124_anc_2-2,0.655551,0.655535,0.588795,0.719340
Q_ind_125_anc_2-2,0.035860,0.031174,0.000002,0.101619
Q_ind_126_anc_2-2,0.129850,0.129975,0.056836,0.200359
Q_ind_127_anc_2-2,0.113734,0.114112,0.044790,0.179695
Q_ind_128_anc_2-2,0.073504,0.072341,0.000551,0.158548
Q_ind_129_anc_2-2,0.115273,0.114589,0.023690,0.204439
Q_ind_130_anc_2-2,0.192540,0.193198,0.099981,0.274607
Q_ind_131_anc_2-2,0.001120,0.000238,0.000000,0.007679
Q_ind_132_anc_2-2,0.000551,0.000118,0.000000,0.003627
Q_ind_133_anc_2-2,0.255568,0.254324,0.177691,0.336408
Q_ind_134_anc_2-2,0.163036,0.162077,0.087828,0.241366
Q_ind_135_anc_2-2,0.277596,0.277913,0.199870,0.356111
Q_ind_136_anc_2-2,0.245484,0.244667,0.165845,0.332171
Q_ind_137_anc_2-2,0.054527,0.049070,0.000019,0.142311
Q_ind_138_anc_2-2,0.002027,0.000428,0.000000,0.013017
Q_ind_139_anc_2-2,0.041730,0.039178,0.000006,0.110915
Q_ind_140_anc_2-2,0.248158,0.249244,0.172225,0.319219
Q_ind_141_anc_2-2,0.222826,0.222450,0.145588,0.301768
Q_ind_142_anc_2-2,0.001921,0.000380,0.000000,0.012369
Q_ind_143_anc_2-2,0.168370,0.167666,0.094318,0.248154
Q_ind_144_anc_2-2,0.266069,0.266610,0.190976,0.344818
Q_ind_145_anc_2-2,0.008694,0.005771,0.000000,0.031981
Q_ind_146_anc_2-2,0.014661,0.013313,0.000004,0.041521
Q_ind_147_anc_2-2,0.003779,0.001144,0.000000,0.019676
Q_ind_148_anc_2-2,0.028008,0.027778,0.002383,0.055053
Q_ind_149_anc_2-2,0.018200,0.010508,0.000000,0.076521
Q_ind_150_anc_2-2,0.004605,0.002497,0.000000,0.019474
Q_ind_151_anc_2-2,0.005911,0.002346,0.000000,0.027046
Q_ind_152_anc_2-2,0.004036,0.001371,0.000000,0.019287
Q_ind_153_anc_2-2,0.010397,0.007757,0.000000,0.033988
Q_ind_154_anc_2-2,0.019892,0.019345,0.000145,0.044918
Q_ind_155_anc_2-2,0.000799,0.000180,0.000000,0.004979
Q_ind_156_anc_2-2,0.021532,0.019245,0.000009,0.057648
Q_ind_157_anc_2-2,0.056805,0.055851,0.015272,0.105159
Q_ind_158_anc_2-2,0.019954,0.015499,0.000001,0.065497
Q_ind_159_anc_2-2,0.002865,0.000539,0.000000,0.019226
Q_ind_160_anc_2-2,0.006380,0.001936,0.000000,0.033998
Q_ind_161_anc_2-2,0.002062,0.000392,0.000000,0.014023
Q_ind_162_anc_2-2,0.010273,0.004875,0.000000,0.046186
Q_ind_163_anc_2-2,0.003801,0.000773,0.000000,0.025010
Q_ind_164_anc_2-2,0.038608,0.037466,0.000047,0.087976
Q_ind_165_anc_2-2,0.042114,0.038448,0.000003,0.115477
Q_ind_166_anc_2-2,0.102649,0.101489,0.039247,0.173404
Q_ind_167_anc_2-2,0.198595,0.198823,0.126447,0.268641
Q_ind_168_anc_2-2,0.012977,0.005056,0.000000,0.062595
Q_ind_169_anc_2-2,0.000709,0.000148,0.000000,0.004709
Q_ind_170_anc_2-2,0.291744,0.289685,0.210012,0.381316
Q_ind_171_anc_2-2,0.142154,0.142960,0.052015,0.238477
Q_ind_172_anc_2-2,0.252683,0.252302,0.181868,0.327076
Q_ind_173_anc_2-2,0.118729,0.118543,0.051668,0.186276
Q_ind_174_anc_2-2,0.197894,0.197351,0.127063,0.272935
Q_ind_175_anc_2-2,0.002380,0.000466,0.000000,0.016173
Q_ind_176_anc_2-2,0.001443,0.000302,0.000000,0.009168
Q_ind_177_anc_2-2,0.039571,0.035476,0.000004,0.108621
Q_ind_178_anc_2-2,0.019390,0.012399,0.000000,0.072301
Q_ind_179_anc_2-2,0.004527,0.001196,0.000000,0.026181
Q_ind_180_anc_2-2,0.160769,0.162127,0.111266,0.202523
Q_ind_181_anc_2-2,0.002405,0.000543,0.000000,0.014712
Q_ind_182_anc_2-2,0.020873,0.014805,0.000000,0.074609
Q_ind_183_anc_2-2,0.053882,0.053870,0.000543,0.112795
Q_ind_184_anc_2-2,0.002289,0.000520,0.000000,0.014139
Q_ind_185_anc_2-2,0.522243,0.523979,0.392647,0.648465
Q_ind_186_anc_2-2,0.506582,0.506230,0.421263,0.591970
Q_ind_187_anc_2-2,0.551599,0.552330,0.474757,0.629412
Q_ind_188_anc_2-2,0.501671,0.501466,0.428111,0.576644
Q_ind_189_anc_2-2,0.645851,0.646548,0.553677,0.730632
Q_ind_190_anc_2-2,0.283032,0.282651,0.207501,0.359067
Q_ind_191_anc_2-2,0.545718,0.545970,0.448773,0.638172
Q_ind_192_anc_2-2,0.001738,0.000344,0.000000,0.012132
Q_ind_193_anc_2-2,0.023270,0.017758,0.000002,0.080536
Q_ind_194_anc_2-2,0.010760,0.007682,0.000000,0.036707
Q_ind_195_anc_2-2,0.012897,0.007016,0.000000,0.051711
Q_ind_196_anc_2-2,0.006474,0.002125,0.000000,0.033202
Q_ind_197_anc_2-2,0.033166,0.032659,0.000200,0.071533
Q_ind_198_anc_2-2,0.010458,0.007380,0.000000,0.036559
Q_ind_199_anc_2-2,0.004058,0.000903,0.000000,0.026553
Q_ind_200_anc_2-2,0.002607,0.000680,0.000000,0.015544
Q_ind_201_anc_2-2,0.001705,0.000369,0.000000,0.011721
Q_ind_202_anc_2-2,0.013471,0.004796,0.000000,0.065840
Q_ind_203_anc_2-2,0.088385,0.086036,0.005795,0.177646
Q_ind_204_anc_2-2,0.022348,0.016361,0.000000,0.076305
Q_ind_205_anc_2-2,0.119112,0.119114,0.039221,0.198288
Q_ind_206_anc_2-2,0.045399,0.044286,0.000274,0.104942
Q_ind_207_anc_2-2,0.149683,0.151070,0.059875,0.228583
Q_ind_208_anc_2-2,0.000787,0.000162,0.000000,0.005074
Q_ind_209_anc_2-2,0.070016,0.070430,0.004982,0.130005
Q_ind_210_anc_2-2,0.006711,0.002115,0.000000,0.034049
Q_ind_211_anc_2-2,0.047714,0.045278,0.000011,0.118436
Q_ind_212_anc_2-2,0.003013,0.000588,0.000000,0.020603
Q_ind_213_anc_2-2,0.020493,0.010341,0.000000,0.089899
Q_ind_214_anc_2-2,0.007166,0.002122,0.000000,0.041719
Q_ind_215_anc_2-2,0.009050,0.003546,0.000000,0.047089
Q_ind_216_anc_2-2,0.029508,0.019113,0.000001,0.102840
Q_ind_217_anc_2-2,0.023963,0.017883,0.000001,0.082636
Q_ind_218_anc_2-2,0.001519,0.000307,0.000000,0.010412
Q_ind_219_anc_2-2,0.091331,0.091614,0.026475,0.157841
Q_ind_220_anc_2-2,0.011734,0.004539,0.000000,0.052392
Q_ind_221_anc_2-2,0.005809,0.001502,0.000000,0.035634
Q_ind_222_anc_2-2,0.018932,0.010141,0.000000,0.083515
Q_ind_223_anc_2-2,0.001139,0.000231,0.000000,0.007212
Q_ind_224_anc_2-2,0.000928,0.000205,0.000000,0.005990
Q_ind_225_anc_2-2,0.143763,0.144206,0.066658,0.221792
Q_ind_226_anc_2-2,0.001270,0.000272,0.000000,0.008205
Q_ind_227_anc_2-2,0.207910,0.207928,0.123640,0.290271
Q_ind_228_anc_2-2,0.158804,0.155835,0.094299,0.234540
Q_ind_229_anc_2-2,0.157639,0.156979,0.073097,0.242931
Q_ind_230_anc_2-2,0.127590,0.126250,0.050078,0.210882
Q_ind_231_anc_2-2,0.001021,0.000212,0.000000,0.006715
Q_ind_232_anc_2-2,0.081219,0.081817,0.000243,0.162321
Q_ind_233_anc_2-2,0.124656,0.124409,0.061175,0.187709
Q_ind_234_anc_2-2,0.895137,0.898165,0.837703,0.934744
Q_ind_235_anc_2-2,0.755564,0.755751,0.689418,0.821654
Q_ind_236_anc_2-2,0.804969,0.804368,0.730418,0.881529
Q_ind_237_anc_2-2,0.795211,0.795637,0.728954,0.857601
Q_ind_238_anc_2-2,0.681900,0.682454,0.617129,0.747203
Q_ind_239_anc_2-2,0.770186,0.770311,0.701623,0.836856
Q_ind_240_anc_2-2,0.641730,0.642796,0.568771,0.708677
Q_ind_241_anc_2-2,0.632860,0.633067,0.564364,0.698049
Q_ind_242_anc_2-2,0.735859,0.735360,0.667916,0.807119
Q_ind_243_anc_2-2,0.470187,0.471209,0.398214,0.540135
Q_ind_244_anc_2-2,0.879756,0.880996,0.832921,0.916166
Q_ind_245_anc_2-2,0.480130,0.479947,0.409024,0.553005
