0 0 3e-05 0 0 0 0 0.99997
0 0 0.00096 0 0 0 0 0.99904
0 0 0 0 0 0 0 1
0 0 0 0 0 0 0 1
5e-05 0 0.14501 0 0 0 0 0.85494
0 0 0 0 0 0 0 1
0 0 2e-05 0 0 0 0 0.99998
0 0 0 0 0 0 0 1
0 0 1e-05 0 0 0 0 0.99999
0 0 0 0 0 0 0 1
0 0 0 0 0 0 0 1
0 0 0 0 0 0 0 1
0 2e-05 0 0 0.99998 0 0 0
0.00026 4e-04 9e-05 0 0.99925 0 0 0
6e-05 0.00023 1e-05 0 0.9997 0 0 0
3e-05 0.00028 1e-05 0 0.99969 0 0 0
1e-05 4e-05 0 0 0.99995 0 0 0
5e-05 0.00012 3e-05 0 0.99979 0 0 0
0 3e-05 0 0 0.99997 0 0 0
8e-05 0.00012 1e-04 0 0.99971 0 0 0
0 1 0 0 0 0 0 0
0 1 0 0 0 0 0 0
0 1 0 0 0 0 0 0
0.00013 0.99986 1e-05 0 0 0 0 0
0 1 0 0 0 0 0 0
0 1 0 0 0 0 0 0
1e-05 0.99999 0 0 0 0 0 0
0 1 0 0 0 0 0 0
0 1 0 0 0 0 0 0
0 1 0 0 0 0 0 0
0 0 0 0 0 1 0 0
0 0 0 0 0 1 0 0
0 0 0 0 0 1 0 0
0 0 0 0 0 1 0 0
0 0 0 0 0 1 0 0
0 0 0 0 0 1 0 0
0 0 0 0 0 1 0 0
0 0 0 0 0 1 0 0
0.00111 0 1e-04 0 0 0.9985 0 0.00029
0.00018 0 3e-05 0 0 0.97968 0 0.02011
0 0 0 0 0 0.99993 0 7e-05
0 0 0 1 0 0 0 0
0 0 0 0.99999 1e-05 0 0 0
1e-05 0 0 0.99983 0.00016 0 0 0
0 0 0 1 0 0 0 0
0 0 0 0.99999 1e-05 0 0 0
0 0 0 0.99988 0.00012 0 0 0
0 0 0 0.99989 0.00011 0 0 0
0 0 0 0 1 0 0 0
0 0 0 0 1 0 0 0
0 0 0 0 1 0 0 0
0 0 0 0 1 0 0 0
0 0 0 0 1 0 0 0
0 0 0 0 1 0 0 0
0.00385 5e-05 0.00036 1e-05 0.99573 0 0 0
0 0 0 0 1 0 0 0
0 0 0 0 1 0 0 0
0 0 0 0 1 0 0 0
0 0 0 0 1 0 0 0
0 0 0 0 1 0 0 0
0 0 0 1 0 0 0 0
0.00355 0 0 0.99645 0 0 0 0
0 0 0 1 0 0 0 0
0 0 0 1 0 0 0 0
0 0 0 1 0 0 0 0
0 0 0 1 0 0 0 0
0.00136 0 0 0.99864 0 0 0 0
0.01198 0 2e-05 0.98801 0 0 0 0
0 0 0 1 0 0 0 0
3e-05 0.99985 0.00011 0 0 0 0 0
0 0.99997 2e-05 0 0 0 0 0
0 0.99998 2e-05 0 0 0 0 0
0 1 0 0 0 0 0 0
0 0.99998 1e-05 0 0 0 0 0
5e-05 0.99947 0.00048 0 0 0 0 0
0 0.99997 3e-05 0 0 0 0 0
2e-05 0.99989 9e-05 0 0 0 0 0
0 1 0 0 0 0 0 0
2e-05 0.99991 8e-05 0 0 0 0 0
1e-05 0.99998 1e-05 0 0 0 0 0
0.00012 1e-05 0.99986 0 0 0 0 1e-05
0 0 0.99999 0 0 0 0 0
1e-04 1e-05 0.99989 0 0 0 0 0
0 0 0.99999 0 0 0 0 0
5e-05 2e-05 0.99993 0 0 0 0 0
2e-05 0 0.99997 0 0 0 0 0
0.00085 1e-04 0.99905 0 0 0 0 0
8e-05 1e-05 0.99991 0 0 0 0 1e-05
0 0 0 0 1 0 0 0
0 0 0 0 1 0 0 0
0 3e-05 0 0 0.99997 0 0 0
1e-05 1e-05 2e-05 0 0.99996 0 0 0
0 0 0 0 1 0 0 0
0 0 0 0 1 0 0 0
0 0 0 0 1 0 0 0
0 0 0 0 1 0 0 0
0 0 0 0 1 0 0 0
0 0 0 0 1 0 0 0
0.99668 6e-05 0.00326 0 0 0 0 0
0.99827 0.00012 0.00161 0 0 0 0 0
0.99618 0.00015 0.00366 0 0 0 0 0
0.99986 1e-05 0.00013 0 0 0 0 0
0.99969 2e-05 0.00029 0 0 0 0 0
0.99176 0.00094 0.0073 0 0 0 0 0
0.99489 0.00023 0.00487 0 0 0 0 0
0.99444 0.00019 0.00537 0 0 0 0 0
0 0 0 0 1 0 0 0
0 0 0 0 1 0 0 0
0 0 0 0 1 0 0 0
0 0 0 0 1 0 0 0
0 0 0 0 1 0 0 0
0 0 0 0 1 0 0 0
0 0 0 0 1 0 0 0
0 0 0 0 1 0 0 0
0 0 0 0 1 0 0 0
1e-05 0.99981 0.00018 0 0 0 0 0
0.00049 0.99585 0.00366 0 0 0 0 0
2e-05 0.99918 8e-04 0 0 0 0 0
4e-05 0.99791 0.00205 0 0 0 0 0
1e-05 0.99996 3e-05 0 0 0 0 0
7e-05 0.99929 0.00065 0 0 0 0 0
0.00098 0.97589 0.02312 0 0 0 0 0
0.00787 0.92096 0.07117 0 0 0 0 0
0 1 0 0 0 0 0 0
1e-05 0.99999 0 0 0 0 0 0
0 1 0 0 0 0 0 0
2e-05 0.99998 0 0 0 0 0 0
3e-05 0.99997 0 0 0 0 0 0
0.00024 0.99976 0 0 0 0 0 0
1e-05 0.99999 0 0 0 0 0 0
2e-05 0.99998 0 0 0 0 0 0
1e-05 0.99999 0 0 0 0 0 0
0.00477 0.99523 0 0 0 0 0 0
3e-05 0.99997 0 0 0 0 0 0
0 1 0 0 0 0 0 0
0 0 7e-05 0 0 0 0 0.99993
0 0 9e-05 0 0 0 0 0.99991
0 0 2e-04 0 0 0 0 0.9998
0 0 0.00178 0 0 0 0 0.99822
0 0 0.0017 0 0 0 0 0.9983
0 0 1e-05 0 0 0 0 0.99999
0 0 5e-05 0 0 0 0 0.99995
0 0 2e-04 0 0 0 0 0.9998
0 0 0.00042 0 0 0 0 0.99958
0.60806 0.01917 0.3691 0 0 0 0 0.00367
0.8729 0.03014 0.09637 0 0 0 0 0.00059
0.95915 0.02984 0.01093 0 0 0 0 7e-05
0.00691 0.99306 2e-05 0 0 0 0 0
0.00492 0.61646 0.37861 0 0 0 0 0
0 1 0 0 0 0 0 0
3e-05 0.99997 0 0 0 0 0 0
0 1 0 0 0 0 0 0
0 1 0 0 0 0 0 0
0 1 0 0 0 0 0 0
0.00154 0.99846 0 0 0 0 0 0
0 8e-05 0.99991 0 0 0 0 0
2e-05 0.00145 0.99854 0 0 0 0 0
1e-05 0.06627 0.93372 0 0 0 0 0
0 0.02452 0.97548 0 0 0 0 0
3e-05 0.09022 0.90975 0 0 0 0 1e-05
5e-04 0.02956 0.96994 0 0 0 0 0
3e-05 0.06317 0.9368 0 0 0 0 0
1e-05 0.07273 0.92726 0 0 0 0 0
2e-05 0.01052 0.98946 0 0 0 0 0
0.97965 0.00365 0 0.0167 0 0 0 0
0.99355 0.00281 0 0.00365 0 0 0 0
0.87059 0.00024 0 0.12918 0 0 0 0
0.99781 0.00111 0 0.00107 0 0 0 0
0.99859 0.00071 4e-05 0.00066 0 0 0 0
0.99712 0.00208 0 0.00079 0 0 0 0
0 0 0 0 0 0 1 0
0 0 0 0 0 0 1 0
0 0 0 0 0 0 1 0
0 0 0 0 0 0 1 0
0 0 0 0 0 0 1 0
0 0 0 0 0 0 1 0
0 0 0 0 0 0 1 0
1 0 0 0 0 0 0 0
0 0 0 0 0 0 1 0
0 0 0 0 0 7e-05 0 0.99993
0 0 0 0 0 0.00044 0 0.99956
0 0 1e-05 0 0 0.00147 0 0.99853
0 0 0 0 0 0.001 0 0.999
0 0 0 0 0 1e-05 0 0.99998
0.00012 0 0.0307 0 0 0 0 0.96918
0 0 0 0 0 0.04995 0 0.95005
3e-05 0 3e-04 0 0 0 0 0.99967
0 0 0 0 0 4e-04 0 0.9996
0.60707 8e-05 0.39282 0 3e-05 0 0 0
0.00212 0.99788 0 0 0 0 0 0
0.00013 0.99987 0 0 0 0 0 0
0.00048 0.99949 4e-05 0 0 0 0 0
0.00075 0.99924 0 0 0 0 0 0
0.00022 0.99978 0 0 0 0 0 0
1e-04 0.99989 0 0 0 0 0 0
0.00032 0.99968 0 0 0 0 0 0
0.00011 0.99989 0 0 0 0 0 0
0.00406 0.99565 0.00029 0 0 0 0 0
0.00145 0.99854 1e-05 0 0 0 0 0
0.00083 0 0.99482 0 0 0 0 0.00434
0.11425 0.00028 0.88544 0 0 0 0 3e-05
0.00156 0 0.99614 0 0 0 0 0.00229
0.00043 0 0.99914 0 0 0 0 0.00043
0.00385 0 0.99434 0 0 0 0 0.00181
0.00013 0 0.99607 0 0 0 0 0.0038
0.00047 0 0.99463 0 0 0 0 0.0049
0.01314 0 0.97817 0 0 0 0 0.00869
0.00053 0 0.87871 0 0 0 0 0.12076
0.01515 0 0.98484 0 0 0 0 1e-05
0.00016 0 0.99447 0 0 0 0 0.00537
0 0 0 1 0 0 0 0
0 0 0 1 0 0 0 0
0 0 0 1 0 0 0 0
0 0 0 1 0 0 0 0
0 0 0 1 0 0 0 0
0 0 0 1 0 0 0 0
0 0 0 1 0 0 0 0
0 0 0 1 0 0 0 0
0 0 0 1 0 0 0 0
0 0 0 1 0 0 0 0
0 0 0 1 0 0 0 0
0 0 0 1 0 0 0 0
