0 0 0.99986 0 0 0 0.00014 0 0
0 0 0.9775 0 0 0 0.0225 0 0
0 0 1 0 0 0 0 0 0
0 0 1 0 0 0 0 0 0
0 0 0.81971 0.00033 0 0 0.17995 0 0
0 0 0.99998 0 0 0 2e-05 0 0
0 0 0.99989 0 0 0 0.00011 0 0
0 0 1 0 0 0 0 0 0
0 0 0.99978 0 0 0 0.00022 0 0
0 0 1 0 0 0 0 0 0
0 0 1 0 0 0 0 0 0
0 0 0.99999 0 0 0 1e-05 0 0
0 0 0 0 1 0 0 0 0
0 0 0 0 0.99964 0.00032 4e-05 0 0
0 0 0 0 0.99992 7e-05 0 0 0
0 0 0 0 0.99995 4e-05 0 1e-05 0
0 0 0 0 0.99998 2e-05 0 0 0
0 0 0 0 0.99992 6e-05 1e-05 0 0
0 0 0 0 1 0 0 0 0
0 0 0 0 0.99983 0.00012 5e-05 0 0
0 0 0 0.00147 0 0 0 0.99853 0
0 0 0 0.00252 0 0 0 0.99748 0
0 0 0 0.00479 0 0 0 0.99521 0
0 0 0 0.09451 0 0 0 0.90548 0
0 0 0 0.00958 0 0 0 0.99042 0
0 0 0 0.00037 0 0 0 0.99963 0
0 0 0 0.00291 0 0 0 0.99709 0
0 0 0 0.00327 0 0 0 0.99673 0
0 0 0 0.00257 0 0 0 0.99743 0
0 0 0 0.00109 0 0 0 0.99891 0
0 1 0 0 0 0 0 0 0
0 1 0 0 0 0 0 0 0
0 1 0 0 0 0 0 0 0
0 1 0 0 0 0 0 0 0
0 1 0 0 0 0 0 0 0
0 1 0 0 0 0 0 0 0
0 1 0 0 0 0 0 0 0
0 1 0 0 0 0 0 0 0
0 0.99982 0 0 0 3e-05 0.00015 0 0
0 0.99997 0 0 0 0 2e-05 0 0
0 1 0 0 0 0 0 0 0
0 0 0 0 0 0 0 0 1
0 0 0 0 0 0 0 0 1
0 0 0 0 0.00013 1e-05 0 0 0.99986
0 0 0 0 0 0 0 0 1
0 0 0 0 1e-05 0 0 0 0.99999
0 0 0 0 5e-05 0 0 0 0.99995
0 0 0 0 5e-05 0 0 0 0.99995
0 0 0 0 1 0 0 0 0
0 0 0 0 1 0 0 0 0
0 0 0 0 1 0 0 0 0
0 0 0 0 1 0 0 0 0
0 0 0 0 1 0 0 0 0
0 0 0 0 1 0 0 0 0
0 0 0 0 0.99732 0.00251 0.00017 0 0
0 0 0 0 1 0 0 0 0
0 0 0 0 1 0 0 0 0
0 0 0 0 1 0 0 0 0
0 0 0 0 1 0 0 0 0
0 0 0 0 1 0 0 0 0
0 0 0 0 0 0 0 0 1
0 0 0 0 0 0.00343 0 0 0.99657
0 0 0 0 0 0 0 0 1
0 0 0 0 0 0 0 0 1
0 0 0 0 0 0 0 0 1
0 0 0 0 0 0 0 0 1
0 0 0 0 0 0.00098 0 0 0.99902
0 0 0 0 0 0.04129 1e-05 0 0.95869
0 0 0 0 0 0 0 0 1
0 0 0 0.93046 0 0 0 0.06954 0
0 0 0 0.94431 0 0 0 0.05569 0
0 0 0 0.8963 0 0 0 0.1037 0
0 0 0 0.73441 0 0 0 0.26559 0
0 0 0 0.9236 0 0 0 0.0764 0
0 0 0 0.95307 0 0 0 0.04693 0
0 0 0 0.95249 0 0 0 0.04751 0
0 0 0 0.93085 0 0 0 0.06915 0
0 0 0 0.73578 0 0 0 0.26422 0
0 0 0 0.93076 0 0 0 0.06924 0
0 0 0 0.78185 0 0 0 0.21815 0
0 0 0 0.00016 0 2e-05 0.99981 0 0
0 0 2e-05 4e-04 0 0 0.99958 0 0
0 0 0 5e-05 0 2e-05 0.99993 0 0
0 0 0 0.00171 0 0 0.99829 0 0
0 0 0 0.00043 0 1e-05 0.99955 0 0
0 0 0 0.00017 0 0 0.99982 0 0
0 0 0 5e-04 0 0.00039 0.9991 0 0
0 0 0 6e-05 0 1e-05 0.99993 0 0
0 0 0 0 1 0 0 0 0
0 0 0 0 1 0 0 0 0
0 0 0 0 0.99999 0 0 1e-05 0
0 0 0 0 0.99998 1e-05 1e-05 0 0
0 0 0 0 1 0 0 0 0
0 0 0 0 1 0 0 0 0
0 0 0 0 1 0 0 0 0
0 0 0 0 1 0 0 0 0
0 0 0 0 1 0 0 0 0
0 0 0 0 1 0 0 0 0
0 0 0 0 0 0.99646 0.00354 0 0
0 0 0 0 0 0.9982 0.0018 0 0
0 0 0 0 0 0.99596 0.00404 0 0
0 0 0 0 0 0.99989 0.00011 0 0
0 0 0 0 0 0.99966 0.00034 0 0
0 0 0 0 0 0.98933 0.01067 0 0
0 0 0 0 0 0.9946 0.00539 0 0
0 0 0 0 0 0.99449 0.00551 0 0
0 0 0 0 1 0 0 0 0
0 0 0 0 1 0 0 0 0
0 0 0 0 1 0 0 0 0
0 0 0 0 1 0 0 0 0
0 0 0 0 1 0 0 0 0
0 0 0 0 1 0 0 0 0
0 0 0 0 1 0 0 0 0
0 0 0 0 1 0 0 0 0
0 0 0 0 1 0 0 0 0
0 0 0 0.94979 0 0 0 0.05021 0
0 0 0 0.9025 0 0 0 0.09749 0
0 0 0 0.93244 0 0 0 0.06756 0
0 0 0 0.97307 0 0 0 0.02693 0
0 0 0 0.70797 0 0 0 0.29203 0
0 0 0 0.89414 0 0 0 0.10586 0
0 0 0 0.95201 0 0 1e-05 0.04797 0
0 0 0 0.95635 0 7e-05 0.00019 0.04339 0
0 0 0 0.00015 0 0 0 0.99985 0
0 0 0 0.00015 0 0 0 0.99985 0
0 0 0 0.00024 0 0 0 0.99976 0
0 0 0 0.00102 0 0 0 0.99897 0
0 0 0 0.00405 0 0 0 0.99595 0
0 0 0 0.00968 0 0 0 0.99031 0
0 0 0 0.00035 0 0 0 0.99965 0
0 0 0 0.00101 0 0 0 0.99899 0
0 0 0 0.00015 0 0 0 0.99985 0
0 0 0 8e-04 0 0.00671 0 0.99248 0
0 0 0 0.00133 0 0 0 0.99867 0
0 0 0 4e-05 0 0 0 0.99996 0
0 0 1 0 0 0 0 0 0
0 0 0.99999 0 0 0 1e-05 0 0
0 0 0.99994 0 0 0 6e-05 0 0
0 0 0.99991 0 0 0 9e-05 0 0
0 0 0.99997 0 0 0 3e-05 0 0
0 0 1 0 0 0 0 0 0
0 0 1 0 0 0 0 0 0
0 0 1 0 0 0 0 0 0
0 0 0.99998 0 0 0 2e-05 0 0
0 0 1e-04 0.01838 0 0.37321 0.60732 0.00099 0
0 0 1e-05 0.00856 0 0.82008 0.16915 0.0022 0
0 0 0 0.00341 0 0.98018 0.01238 0.00402 0
0 0 0 0.00773 0 0.00286 0 0.98942 0
0 0 0 0.99498 0 0 5e-05 0.00496 0
0 0 0 0.00242 0 0 0 0.99758 0
0 0 0 0.00907 0 0 0 0.99093 0
0 0 0 3e-05 0 0 0 0.99997 0
0 0 0 0.00021 0 0 0 0.99979 0
0 0 0 0.00048 0 0 0 0.99952 0
0 0 0 0.00642 0 1e-04 0 0.99348 0
0 0 0 0.98158 0 0 0.01841 0 0
0 0 0 0.99962 0 0 0.00038 0 0
0 0 0 1 0 0 0 0 0
0 0 0 1 0 0 0 0 0
0 0 0 0.99999 0 0 0 1e-05 0
0 0 0 0.99904 0 0 0.00073 0.00023 0
0 0 0 0.99998 0 0 0 2e-05 0
0 0 0 1 0 0 0 0 0
0 0 0 0.99997 0 0 2e-05 1e-05 0
0 0 0 0 0 0.99439 0 2e-05 0.00559
0 0 0 0 0 0.99842 0 1e-05 0.00157
0 0 0 0 0 0.89002 0 0 0.10998
0 0 0 0 0 0.99978 0 1e-05 0.00021
0 0 0 0 0 0.99982 0 0 0.00018
0 0 0 0 0 0.99979 0 1e-05 2e-04
1 0 0 0 0 0 0 0 0
1 0 0 0 0 0 0 0 0
1 0 0 0 0 0 0 0 0
1 0 0 0 0 0 0 0 0
1 0 0 0 0 0 0 0 0
1 0 0 0 0 0 0 0 0
1 0 0 0 0 0 0 0 0
0 0 0 0 0 1 0 0 0
1 0 0 0 0 0 0 0 0
0 0.86076 0.135 0 0 0 0.00424 0 0
0 0.96318 0.03637 0 0 0 0.00045 0 0
0 0.99678 0.00267 0 0 0 0.00055 0 0
0 0.98937 0.01057 0 0 0 6e-05 0 0
0 0.62734 0.36849 0 0 0 0.00417 0 0
0 0 0.4679 0 0 9e-05 0.53201 0 0
0 0.9996 0.00039 0 0 0 0 0 0
0 0.66449 0.1484 0 0 0.00025 0.18686 0 0
0 0.9587 0.0408 0 0 0 5e-04 0 0
0 0 0 0 6e-05 0.46181 0.53812 0 0
0 0 0 0.00352 0 0.00043 0 0.99604 0
0 0 0 0.00693 0 1e-05 0 0.99307 0
0 0 0 0.14708 0 3e-05 0 0.85289 0
0 0 0 0.01129 0 9e-05 0 0.98862 0
0 0 0 0.00775 0 1e-05 0 0.99224 0
0 0 0 0.02568 0 1e-05 0 0.97432 0
0 0 0 0.01315 0 3e-05 0 0.98681 0
0 0 0 0.00477 0 0 0 0.99523 0
0 0 0 0.10304 0 0.0021 1e-05 0.89485 0
0 0 0 0.02806 0 0.00021 0 0.97173 0
0 0 0.00022 0 0 2e-05 0.99976 0 0
0 0 0 4e-05 0 0.0388 0.96116 0 0
0 0 6e-05 0 0 4e-05 0.9999 0 0
0 0 9e-05 0 0 3e-05 0.99989 0 0
0 0 2e-05 0 0 1e-04 0.99987 0 0
0 0 0.00037 0 0 0 0.99962 0 0
0 0 0.00011 0 0 1e-05 0.99988 0 0
0 0 6e-05 0 0 0.00038 0.99956 0 0
0 0 0.00534 0 0 1e-05 0.99465 0 0
0 0 0 0 0 0.00114 0.99886 0 0
0 0 0.00096 0 0 0 0.99904 0 0
0 0 0 0 0 0 0 0 1
0 0 0 0 0 0 0 0 1
0 0 0 0 0 0 0 0 1
0 0 0 0 0 0 0 0 1
0 0 0 0 0 0 0 0 1
0 0 0 0 0 0 0 0 1
0 0 0 0 0 0 0 0 1
0 0 0 0 0 0 0 0 1
0 0 0 0 0 0 0 0 1
0 0 0 0 0 0 0 0 1
0 0 0 0 0 0 0 0 1
0 0 0 0 0 0 0 0 1
