0 3e-05 0 0.99997
0 0.00011 0 0.99989
0 0 0 1
0 0 0 1
0 0.00735 0 0.99265
0 0 0 1
0 0 0 1
0 0 0 1
0 0 0 1
0 0 0 1
0 0 0 1
0 0 0 1
0 0.00014 0.99986 0
0 0.00501 0.9948 0.00018
0 0.00137 0.9986 3e-05
0 0.00252 0.99745 3e-05
0 0.00091 0.99908 1e-05
0 0.0012 0.99874 5e-05
0 0.00045 0.99954 0
0 0.00096 0.99898 6e-05
0 1 0 0
0 1 0 0
0 1 0 0
0 1 0 0
0 1 0 0
0 1 0 0
0 1 0 0
0 1 0 0
0 1 0 0
0 1 0 0
0 0 0 1
0 2e-05 0 0.99998
0 0 0 1
0 0 0 1
0 0 0 1
0 0 0 1
0 0 0 1
0 0 0 1
0 0.00227 0 0.99773
0 1e-04 0 0.9999
0 0.00012 0 0.99988
0.99993 0 7e-05 0
0.99987 0 0.00013 0
0.99878 1e-05 0.00121 1e-05
0.99993 0 7e-05 0
0.99986 0 0.00014 0
0.9987 0 0.0013 0
0.99885 0 0.00114 0
0 0 1 0
0 0 1 0
0 0 1 0
0 0 1 0
0 0 1 0
0 0 1 0
0.00034 0.00296 0.99588 0.00083
0 0 1 0
0 0 1 0
0 0 1 0
0 0 1 0
0 0 1 0
1 0 0 0
1 0 0 0
1 0 0 0
1 0 0 0
1 0 0 0
1 0 0 0
1 0 0 0
0.99982 0.00017 0 0
1 0 0 0
0 1 0 0
0 1 0 0
0 1 0 0
0 1 0 0
0 1 0 0
0 0.99999 0 1e-05
0 1 0 0
0 1 0 0
0 1 0 0
0 1 0 0
0 1 0 0
0 0.04052 6e-05 0.95942
0 0.02048 5e-05 0.97947
0 0.05122 0.00056 0.94821
0 0.058 0.00014 0.94186
0 0.07586 0.00022 0.92391
0 0.03241 0.00016 0.96743
1e-05 0.26327 8e-05 0.73664
0 0.02863 5e-05 0.97132
0 0 1 0
0 0 1 0
0 7e-05 0.99993 0
0 1e-05 0.99998 1e-05
0 0 1 0
0 0 1 0
0 0 1 0
0 0 1 0
0 1e-05 0.99999 0
0 0 1 0
0.19863 0.59367 0 0.2077
0.04755 0.72164 0 0.23081
0.02921 0.67764 0 0.29315
0.33319 0.51292 0 0.15389
0.28731 0.48205 0 0.23063
0.00327 0.59372 8e-05 0.40293
0.01498 0.71181 0 0.27321
0.03304 0.70768 0 0.25928
0 0 1 0
0 0 1 0
0 0 1 0
0 0 1 0
0 0 1 0
0 0 1 0
0 0 1 0
0 0 1 0
0 0 1 0
0 0.99999 0 1e-05
0 0.99991 0 9e-05
0 0.99998 0 2e-05
0 0.99996 0 4e-05
0 1 0 0
0 0.99996 0 4e-05
0 0.99933 0 0.00067
0 0.99523 0 0.00477
0 1 0 0
0 1 0 0
0 1 0 0
0 1 0 0
0 1 0 0
0 1 0 0
0 1 0 0
0 1 0 0
0 1 0 0
0 0.99998 0 2e-05
0 1 0 0
0 1 0 0
0 0 0 1
0 0 0 1
0 0 0 1
0 1e-05 0 0.99999
0 0 0 1
0 0 0 1
0 0 0 1
0 0 0 1
0 0 0 1
0 0.62765 0 0.37235
0 0.80379 0 0.19621
0 0.9096 0 0.0904
4e-05 0.99996 0 0
0 0.99898 0 0.00102
0 1 0 0
0 1 0 0
0 1 0 0
0 1 0 0
0 1 0 0
0 1 0 0
0 0.83851 0 0.16149
0 0.93894 0 0.06106
0 0.99824 0 0.00176
0 0.99493 0 0.00507
0 0.99317 0 0.00683
0 0.98304 0 0.01696
0 0.99452 0 0.00548
0 0.99798 0 0.00202
0 0.98702 0 0.01298
0.97516 0.02484 0 0
0.97343 0.02657 0 0
0.99885 0.00115 0 0
0.94147 0.05852 0 1e-05
0.89494 0.10492 0 0.00014
0.90645 0.09353 0 1e-05
0 0 0 1
0 0 0 1
0 0 0 1
0 0 0 1
0 1e-05 0 0.99999
0 0 0 1
0 0 0 1
0.99175 0.00046 0 0.00779
0 0 0 1
0 0 0 1
0 0 0 1
0 0 0 1
0 0 0 1
0 0 0 1
0 0.00022 0 0.99978
0 0 0 1
0 1e-05 0 0.99999
0 0 0 1
0.00075 0.03118 0.00549 0.96258
0 0.99999 0 1e-05
0 1 0 0
0 0.99998 0 2e-05
0 0.99999 0 1e-05
0 1 0 0
0 0.99999 0 1e-05
0 0.99999 0 1e-05
0 1 0 0
0 0.99984 0 0.00016
0 0.99998 0 2e-05
1e-04 2e-04 0 0.99971
1e-05 0.11646 4e-05 0.88349
0.00028 0.00016 0 0.99956
4e-05 0.00133 0 0.99862
0.00029 0.00023 0 0.99948
7e-05 7e-05 0 0.99985
4e-05 9e-05 0 0.99987
0.00012 0.00033 0 0.99955
0 5e-05 0 0.99994
0.00312 0.00274 1e-05 0.99414
3e-05 0.00015 0 0.99982
1 0 0 0
1 0 0 0
1 0 0 0
1 0 0 0
1 0 0 0
1 0 0 0
1 0 0 0
1 0 0 0
1 0 0 0
1 0 0 0
1 0 0 0
1 0 0 0
