0 3e-05 0.99997
0 0.00012 0.99988
0 0 1
0 0 1
0 0.00793 0.99207
0 0 1
0 0 1
0 0 1
0 0 1
0 0 1
0 0 1
0 0 1
0.99126 0.00873 1e-05
0.98657 0.01334 9e-05
0.98378 0.01617 5e-05
0.97618 0.02377 5e-05
0.99407 0.00593 1e-05
0.98938 0.01053 9e-05
0.98964 0.01035 1e-05
0.99009 0.00978 0.00013
0 1 0
0 1 0
0 1 0
0 0.99999 0
0 1 0
0 1 0
0 1 0
0 1 0
0 1 0
0 1 0
0 0 1
0 4e-05 0.99996
0 0 1
0 0 1
0 0 1
0 0 1
0 0 1
0 0 1
0.00019 0.00662 0.99319
1e-05 0.00021 0.99978
0 0.00026 0.99974
1 0 0
1 0 0
1 0 0
1 0 0
1 0 0
1 0 0
1 0 0
1 0 0
1 0 0
1 0 0
1 0 0
1 0 0
1 0 0
0.99934 0.00062 4e-05
1 0 0
1 0 0
1 0 0
1 0 0
1 0 0
0.99984 0.00016 0
0.99406 0.00588 6e-05
0.99967 0.00033 0
0.99973 0.00027 0
0.99957 0.00043 0
0.99989 0.00011 0
0.99542 0.00457 1e-05
0.98981 0.0101 9e-05
0.99991 9e-05 0
0 1 0
0 1 0
0 1 0
0 1 0
0 1 0
0 0.99999 1e-05
0 1 0
0 1 0
0 1 0
0 1 0
0 1 0
0.00522 0.09425 0.90053
0.00228 0.05229 0.94543
0.04191 0.12876 0.82933
0.00694 0.14022 0.85284
0.01502 0.17817 0.80681
0.00884 0.079 0.91216
0.03421 0.32017 0.64561
0.00619 0.06827 0.92554
1 0 0
1 0 0
0.98139 0.01861 0
0.99618 0.0035 0.00032
1 0 0
1 0 0
1 0 0
1 0 0
0.99748 0.00252 0
1 0 0
0.03208 0.78799 0.17994
0.02391 0.80887 0.16722
0.07144 0.73416 0.1944
0.05482 0.77692 0.16826
0.08841 0.70068 0.2109
0.14143 0.64882 0.20974
0.03705 0.77515 0.1878
0.07222 0.75719 0.17059
1 0 0
1 0 0
1 0 0
1 0 0
1 0 0
1 0 0
1 0 0
1 0 0
1 0 0
0 1 0
0 0.99994 6e-05
0 0.99999 1e-05
0 0.99998 2e-05
0 1 0
0 0.99998 2e-05
1e-05 0.99963 0.00035
0 0.99697 0.00302
0 1 0
0 1 0
0 1 0
0 1 0
0 1 0
0 1 0
0 1 0
0 1 0
0 1 0
0.00044 0.99955 1e-05
0 1 0
0 1 0
0 0 1
0 0 1
0 0 1
0 1e-05 0.99999
0 0 1
0 0 1
0 0 1
0 0 1
0 0 1
2e-05 0.67385 0.32612
2e-05 0.83455 0.16543
3e-05 0.9225 0.07748
0.00024 0.99976 0
0 0.99921 0.00078
0 1 0
0 1 0
0 1 0
0 1 0
0 1 0
1e-05 0.99999 0
5e-05 0.87825 0.1217
0 0.95204 0.04796
0 0.99856 0.00144
0 0.99559 0.00441
0 0.99428 0.00572
3e-05 0.98874 0.01124
0 0.99592 0.00408
0 0.99828 0.00172
0 0.99024 0.00976
0.25692 0.74306 2e-05
0.22829 0.7717 1e-05
0.50002 0.49995 3e-05
0.13769 0.86222 1e-04
0.38194 0.61743 0.00064
0.19887 0.80105 8e-05
0 0 1
0 0 1
0 0 1
0 0 1
0 0 1
0 0 1
0 0 1
0.83595 0.01386 0.15019
0 0 1
0 0 1
0 0 1
0 0 1
0 0 1
0 0 1
0 0.00024 0.99975
0 0 1
0 1e-05 0.99999
0 0 1
0.52655 0.03266 0.44079
1e-05 0.99998 1e-05
0 1 0
0 0.99999 1e-05
1e-05 0.99999 0
0 1 0
0 0.99999 0
0 0.99999 0
0 1 0
3e-05 0.99988 8e-05
0 0.99999 1e-05
0.00062 0.00022 0.99916
0.01682 0.19846 0.78472
0.00172 0.00019 0.9981
0.00105 0.00166 0.99729
0.00253 0.00029 0.99718
0.00054 8e-05 0.99938
0.00061 0.00012 0.99926
0.00094 4e-04 0.99866
8e-05 6e-05 0.99986
0.11017 0.004 0.88583
0.00031 0.00016 0.99953
1 0 0
1 0 0
1 0 0
1 0 0
1 0 0
1 0 0
1 0 0
0.99999 1e-05 0
1 0 0
0.99999 1e-05 0
0.99999 1e-05 0
0.99999 0 0
