0 1
0 1
0 1
0 1
0 1
0 1
0 1
0 1
0 1
0 1
0 1
0 1
0.98123 0.01877
0.94816 0.05184
0.95066 0.04934
0.93728 0.06272
0.98893 0.01107
0.95021 0.04979
0.97857 0.02143
0.93778 0.06222
2e-05 0.99998
0 1
0 1
2e-05 0.99998
0 1
0 1
1e-05 0.99999
0 1
0 1
0 1
0 1
1e-05 0.99999
0 1
0 1
0 1
0 1
0 1
0 1
4e-04 0.9996
1e-04 0.9999
0 1
1 0
1 0
0.99999 1e-05
1 0
1 0
1 0
1 0
1 0
1 0
1 0
1 0
1 0
1 0
0.99577 0.00423
1 0
1 0
1 0
1 0
0.99999 1e-05
0.99998 2e-05
0.99578 0.00422
0.99991 9e-05
0.99995 5e-05
0.99993 7e-05
0.99998 2e-05
0.99826 0.00174
0.98951 0.01049
0.99998 2e-05
0 1
0 1
0 1
0 1
0 1
0 1
0 1
0 1
0 1
0 1
0 1
0.00064 0.99936
3e-04 0.9997
0.0044 0.9956
0.00051 0.99949
0.0012 0.9988
0.00103 0.99897
0.00228 0.99772
0.00093 0.99907
1 0
1 0
0.98776 0.01224
0.94159 0.05841
1 0
1 0
1 0
1 0
0.99341 0.00659
1 0
0.00866 0.99134
0.00624 0.99376
0.0151 0.9849
0.01701 0.98299
0.02555 0.97445
0.02534 0.97466
0.00765 0.99235
0.01554 0.98446
1 0
1 0
1 0
1 0
1 0
1 0
1 0
1 0
0.99999 1e-05
0 1
0 1
0 1
0 1
0 1
0 1
1e-05 0.99999
0 1
1e-05 0.99999
1e-05 0.99999
0 1
3e-05 0.99997
1e-05 0.99999
0 1
1e-05 0.99999
2e-05 0.99998
1e-05 0.99999
0.00358 0.99642
1e-05 0.99999
0 1
0 1
0 1
0 1
0 1
0 1
0 1
0 1
0 1
0 1
0 1
0 1
1e-05 0.99999
0.00355 0.99645
0 1
1e-05 0.99999
2e-05 0.99998
1e-05 0.99999
0.00011 0.99989
1e-05 0.99999
7e-05 0.99993
0 1
0 1
0 1
0 1
0 1
0 1
0 1
0 1
0 1
0.76215 0.23785
0.78379 0.21621
0.93724 0.06276
0.45954 0.54046
0.54565 0.45435
0.57423 0.42577
0 1
0 1
0 1
0 1
0 1
0 1
0 1
0.87919 0.12081
0 1
0 1
0 1
0 1
0 1
0 1
0 1
0 1
2e-05 0.99998
0 1
0.33338 0.66662
7e-05 0.99993
1e-05 0.99999
1e-05 0.99999
8e-05 0.99992
1e-05 0.99999
2e-05 0.99998
2e-05 0.99998
2e-05 0.99998
8e-05 0.99992
2e-05 0.99998
0.00608 0.99392
0.00224 0.99776
0.01972 0.98028
0.0026 0.9974
0.02341 0.97659
0.00855 0.99145
0.00846 0.99154
0.00767 0.99233
0.00162 0.99838
0.1771 0.8229
0.00316 0.99684
1 0
1 0
1 0
1 0
1 0
1 0
1 0
1 0
1 0
0.99999 1e-05
1 0
1 0
