param,mean,median,ci_0.950_LB,ci_0.950_UB
q_ind_0_pop_0,0.002529,0.000556,0.000000,0.015789
q_ind_1_pop_0,0.001680,0.000297,0.000000,0.011454
q_ind_2_pop_0,0.002240,0.000610,0.000000,0.012997
q_ind_3_pop_0,0.003824,0.001191,0.000000,0.019870
q_ind_4_pop_0,0.025818,0.025843,0.000011,0.058309
q_ind_5_pop_0,0.003601,0.001170,0.000000,0.019792
q_ind_6_pop_0,0.001023,0.000214,0.000000,0.006411
q_ind_7_pop_0,0.002641,0.000826,0.000000,0.013551
q_ind_8_pop_0,0.001470,0.000324,0.000000,0.008893
q_ind_9_pop_0,0.000920,0.000177,0.000000,0.006251
q_ind_10_pop_0,0.004197,0.001360,0.000000,0.021414
q_ind_11_pop_0,0.004143,0.001142,0.000000,0.021904
q_ind_12_pop_0,0.490151,0.493279,0.458929,0.518766
q_ind_13_pop_0,0.498385,0.498465,0.472821,0.535092
q_ind_14_pop_0,0.519836,0.520481,0.475439,0.564776
q_ind_15_pop_0,0.478341,0.479231,0.440874,0.514978
q_ind_16_pop_0,0.501290,0.499454,0.481489,0.537738
q_ind_17_pop_0,0.522379,0.517831,0.476015,0.579224
q_ind_18_pop_0,0.507477,0.504631,0.472165,0.544966
q_ind_19_pop_0,0.497954,0.499423,0.486162,0.501558
q_ind_20_pop_0,0.028731,0.030000,0.000008,0.063511
q_ind_21_pop_0,0.013964,0.012223,0.000000,0.040470
q_ind_22_pop_0,0.003120,0.000857,0.000000,0.016781
q_ind_23_pop_0,0.034435,0.034362,0.000925,0.066317
q_ind_24_pop_0,0.029859,0.029585,0.001913,0.059430
q_ind_25_pop_0,0.003424,0.001000,0.000000,0.018503
q_ind_26_pop_0,0.014658,0.012113,0.000000,0.043535
q_ind_27_pop_0,0.004606,0.001339,0.000000,0.024324
q_ind_28_pop_0,0.021856,0.020170,0.000001,0.059099
q_ind_29_pop_0,0.007692,0.004201,0.000000,0.031275
q_ind_30_pop_0,0.091036,0.091056,0.055259,0.126210
q_ind_31_pop_0,0.090206,0.089041,0.046307,0.140490
q_ind_32_pop_0,0.080711,0.079856,0.043387,0.121820
q_ind_33_pop_0,0.085919,0.084565,0.046763,0.131013
q_ind_34_pop_0,0.102788,0.102370,0.064017,0.142218
q_ind_35_pop_0,0.089827,0.089751,0.049962,0.128821
q_ind_36_pop_0,0.109636,0.109164,0.073678,0.146363
q_ind_37_pop_0,0.087988,0.087921,0.048538,0.127960
q_ind_38_pop_0,0.220811,0.220611,0.181603,0.261543
q_ind_39_pop_0,0.099138,0.099089,0.044174,0.152964
q_ind_40_pop_0,0.082476,0.082920,0.039524,0.126960
q_ind_41_pop_0,0.840075,0.839895,0.793025,0.885322
q_ind_42_pop_0,0.807365,0.807400,0.761468,0.852042
q_ind_43_pop_0,0.808492,0.809149,0.760821,0.853917
q_ind_44_pop_0,0.809303,0.809693,0.757585,0.857499
q_ind_45_pop_0,0.841478,0.841815,0.796201,0.884576
q_ind_46_pop_0,0.849083,0.849534,0.801816,0.892785
q_ind_47_pop_0,0.827708,0.828320,0.780137,0.872716
q_ind_48_pop_0,0.845133,0.845501,0.799922,0.890057
q_ind_49_pop_0,0.843438,0.844410,0.796222,0.887579
q_ind_50_pop_0,0.748275,0.748378,0.707186,0.788038
q_ind_51_pop_0,0.743991,0.743908,0.702507,0.784194
q_ind_52_pop_0,0.764597,0.765122,0.722178,0.804129
q_ind_53_pop_0,0.762025,0.762151,0.720786,0.801439
q_ind_54_pop_0,0.804077,0.804307,0.765236,0.842433
q_ind_55_pop_0,0.762144,0.762233,0.723154,0.802287
q_ind_56_pop_0,0.497485,0.499226,0.483710,0.502779
q_ind_57_pop_0,0.781222,0.781241,0.740876,0.818868
q_ind_58_pop_0,0.743711,0.743471,0.703378,0.783701
q_ind_59_pop_0,0.738667,0.738512,0.697181,0.781064
q_ind_60_pop_0,0.789920,0.790049,0.747096,0.831768
q_ind_61_pop_0,0.781718,0.782058,0.735817,0.824114
q_ind_62_pop_0,0.000669,0.000130,0.000000,0.004795
q_ind_63_pop_0,0.000612,0.000104,0.000000,0.004627
q_ind_64_pop_0,0.002709,0.000663,0.000000,0.014351
q_ind_65_pop_0,0.001153,0.000247,0.000000,0.007678
q_ind_66_pop_0,0.000739,0.000141,0.000000,0.004941
q_ind_67_pop_0,0.458131,0.458207,0.410486,0.505210
q_ind_68_pop_0,0.379615,0.380008,0.342501,0.416135
q_ind_69_pop_0,0.454299,0.452334,0.409341,0.499415
q_ind_70_pop_0,0.461063,0.461385,0.413018,0.507244
q_ind_71_pop_0,0.451967,0.452040,0.405268,0.499136
q_ind_72_pop_0,0.467812,0.467925,0.421498,0.514467
q_ind_73_pop_0,0.420522,0.420499,0.380233,0.459920
q_ind_74_pop_0,0.410319,0.410505,0.377721,0.442334
q_ind_75_pop_0,0.473559,0.473805,0.422898,0.522312
q_ind_76_pop_0,0.001476,0.000318,0.000000,0.009344
q_ind_77_pop_0,0.001593,0.000348,0.000000,0.010924
q_ind_78_pop_0,0.004664,0.001288,0.000000,0.026630
q_ind_79_pop_0,0.001614,0.000355,0.000000,0.010467
q_ind_80_pop_0,0.009397,0.005939,0.000000,0.034425
q_ind_81_pop_0,0.003051,0.000923,0.000000,0.017192
q_ind_82_pop_0,0.002525,0.000511,0.000000,0.016920
q_ind_83_pop_0,0.002120,0.000400,0.000000,0.013309
q_ind_84_pop_0,0.002944,0.000804,0.000000,0.017908
q_ind_85_pop_0,0.002884,0.000904,0.000000,0.016107
q_ind_86_pop_0,0.005751,0.002580,0.000000,0.025488
q_ind_87_pop_0,0.207275,0.207405,0.158139,0.255305
q_ind_88_pop_0,0.213296,0.213615,0.168294,0.257744
q_ind_89_pop_0,0.270699,0.270570,0.218740,0.323169
q_ind_90_pop_0,0.241426,0.241098,0.198011,0.286588
q_ind_91_pop_0,0.234586,0.234760,0.189027,0.279356
q_ind_92_pop_0,0.243545,0.243203,0.199887,0.286679
q_ind_93_pop_0,0.235107,0.234998,0.195206,0.276099
q_ind_94_pop_0,0.230503,0.230250,0.183906,0.277312
q_ind_95_pop_0,0.994600,0.996545,0.979353,0.999977
q_ind_96_pop_0,0.988986,0.991152,0.966254,0.999868
q_ind_97_pop_0,0.499178,0.499734,0.493431,0.502870
q_ind_98_pop_0,0.498708,0.499614,0.490996,0.501486
q_ind_99_pop_0,0.992481,0.994919,0.971965,0.999957
q_ind_100_pop_0,0.996521,0.997983,0.985499,0.999989
q_ind_101_pop_0,0.997630,0.998750,0.989113,0.999993
q_ind_102_pop_0,0.992854,0.995339,0.973808,0.999966
q_ind_103_pop_0,0.997585,0.998683,0.989029,0.999993
q_ind_104_pop_0,0.499076,0.499703,0.492561,0.502618
q_ind_105_pop_0,0.957969,0.958882,0.922214,0.989293
q_ind_106_pop_0,0.143921,0.144163,0.098108,0.191307
q_ind_107_pop_0,0.151688,0.151777,0.107653,0.196245
q_ind_108_pop_0,0.168436,0.168451,0.114430,0.222144
q_ind_109_pop_0,0.174027,0.173935,0.132595,0.218289
q_ind_110_pop_0,0.189024,0.188171,0.146228,0.234368
q_ind_111_pop_0,0.247086,0.246822,0.205525,0.294113
q_ind_112_pop_0,0.117851,0.117646,0.062559,0.175699
q_ind_113_pop_0,0.152914,0.152886,0.100359,0.207552
q_ind_114_pop_0,0.956463,0.957536,0.923374,0.983879
q_ind_115_pop_0,0.993419,0.996014,0.974096,0.999977
q_ind_116_pop_0,0.992231,0.994633,0.972450,0.999963
q_ind_117_pop_0,0.967861,0.968412,0.935248,0.997026
q_ind_118_pop_0,0.987889,0.990361,0.961684,0.999928
q_ind_119_pop_0,0.995880,0.997507,0.982700,0.999987
q_ind_120_pop_0,0.978494,0.979309,0.951399,0.999278
q_ind_121_pop_0,0.993810,0.995799,0.976413,0.999970
q_ind_122_pop_0,0.989331,0.992538,0.963661,0.999937
q_ind_123_pop_0,0.772191,0.772604,0.732403,0.809154
q_ind_124_pop_0,0.002437,0.000588,0.000000,0.014715
q_ind_125_pop_0,0.020229,0.017841,0.000002,0.056956
q_ind_126_pop_0,0.038890,0.038182,0.010282,0.072853
q_ind_127_pop_0,0.022489,0.020991,0.000002,0.060786
q_ind_128_pop_0,0.005768,0.002336,0.000000,0.026538
q_ind_129_pop_0,0.022101,0.019989,0.000004,0.059813
q_ind_130_pop_0,0.116741,0.117280,0.074846,0.155181
q_ind_131_pop_0,0.079566,0.079242,0.051828,0.109424
q_ind_132_pop_0,0.010357,0.007475,0.000000,0.035594
q_ind_133_pop_0,0.037799,0.037990,0.000534,0.076810
q_ind_134_pop_0,0.023219,0.022343,0.000088,0.053099
q_ind_135_pop_0,0.048029,0.047693,0.011875,0.088505
q_ind_136_pop_0,0.035757,0.036528,0.000502,0.069902
q_ind_137_pop_0,0.071042,0.071790,0.029005,0.109922
q_ind_138_pop_0,0.081642,0.081587,0.043517,0.120127
q_ind_139_pop_0,0.073199,0.073514,0.038439,0.107951
q_ind_140_pop_0,0.042472,0.042491,0.014450,0.070430
q_ind_141_pop_0,0.277006,0.277138,0.243453,0.309939
q_ind_142_pop_0,0.031512,0.030724,0.001724,0.063945
q_ind_143_pop_0,0.029751,0.029782,0.000021,0.066977
q_ind_144_pop_0,0.000848,0.000152,0.000000,0.005491
q_ind_145_pop_0,0.003972,0.001200,0.000000,0.020302
q_ind_146_pop_0,0.002117,0.000622,0.000000,0.011860
q_ind_147_pop_0,0.003711,0.001246,0.000000,0.018847
q_ind_148_pop_0,0.082382,0.082253,0.053915,0.110507
q_ind_149_pop_0,0.003170,0.000990,0.000000,0.017019
q_ind_150_pop_0,0.003924,0.001420,0.000000,0.020573
q_ind_151_pop_0,0.002042,0.000538,0.000000,0.011872
q_ind_152_pop_0,0.001233,0.000292,0.000000,0.007605
q_ind_153_pop_0,0.006485,0.003994,0.000000,0.025803
q_ind_154_pop_0,0.085199,0.084631,0.054471,0.118655
q_ind_155_pop_0,0.002172,0.000475,0.000000,0.013608
q_ind_156_pop_0,0.015350,0.013409,0.000003,0.042025
q_ind_157_pop_0,0.002026,0.000443,0.000000,0.012808
q_ind_158_pop_0,0.001324,0.000253,0.000000,0.008899
q_ind_159_pop_0,0.001388,0.000278,0.000000,0.008910
q_ind_160_pop_0,0.003441,0.001071,0.000000,0.018617
q_ind_161_pop_0,0.002224,0.000567,0.000000,0.012698
q_ind_162_pop_0,0.001097,0.000234,0.000000,0.006864
q_ind_163_pop_0,0.002365,0.000557,0.000000,0.015158
q_ind_164_pop_0,0.041679,0.041284,0.005697,0.079915
q_ind_165_pop_0,0.018252,0.015594,0.000002,0.055441
q_ind_166_pop_0,0.030577,0.030679,0.000046,0.068449
q_ind_167_pop_0,0.224415,0.224369,0.183909,0.265877
q_ind_168_pop_0,0.067428,0.067259,0.037079,0.097924
q_ind_169_pop_0,0.005545,0.002124,0.000000,0.026776
q_ind_170_pop_0,0.003184,0.000661,0.000000,0.019598
q_ind_171_pop_0,0.010847,0.006270,0.000000,0.041808
q_ind_172_pop_0,0.113798,0.114031,0.074839,0.152268
q_ind_173_pop_0,0.007867,0.003931,0.000000,0.034387
q_ind_174_pop_0,0.101241,0.100879,0.064112,0.139902
q_ind_175_pop_0,0.068502,0.067947,0.039006,0.101001
q_ind_176_pop_0,0.001949,0.000447,0.000000,0.011933
q_ind_177_pop_0,0.002084,0.000472,0.000000,0.012884
q_ind_178_pop_0,0.001443,0.000351,0.000000,0.008567
q_ind_179_pop_0,0.001181,0.000228,0.000000,0.008190
q_ind_180_pop_0,0.061483,0.060790,0.031690,0.095636
q_ind_181_pop_0,0.001756,0.000383,0.000000,0.010993
q_ind_182_pop_0,0.001412,0.000317,0.000000,0.009009
q_ind_183_pop_0,0.027193,0.026662,0.000915,0.055894
q_ind_184_pop_0,0.178324,0.177844,0.123626,0.238317
q_ind_185_pop_0,0.252470,0.252221,0.207963,0.298623
q_ind_186_pop_0,0.245923,0.245738,0.202228,0.291015
q_ind_187_pop_0,0.287992,0.287503,0.239602,0.337370
q_ind_188_pop_0,0.195571,0.195841,0.141714,0.247518
q_ind_189_pop_0,0.248741,0.248111,0.200498,0.301138
q_ind_190_pop_0,0.244398,0.243579,0.193180,0.296277
q_ind_191_pop_0,0.030528,0.030801,0.000013,0.066494
q_ind_192_pop_0,0.003605,0.000874,0.000000,0.021958
q_ind_193_pop_0,0.000401,0.000068,0.000000,0.002783
q_ind_194_pop_0,0.001515,0.000341,0.000000,0.009668
q_ind_195_pop_0,0.000546,0.000107,0.000000,0.003841
q_ind_196_pop_0,0.000759,0.000140,0.000000,0.005213
q_ind_197_pop_0,0.000367,0.000073,0.000000,0.002637
q_ind_198_pop_0,0.001681,0.000338,0.000000,0.011127
q_ind_199_pop_0,0.000661,0.000132,0.000000,0.004430
q_ind_200_pop_0,0.342326,0.342219,0.301448,0.384343
q_ind_201_pop_0,0.001027,0.000214,0.000000,0.006553
q_ind_202_pop_0,0.009893,0.003875,0.000000,0.045234
q_ind_203_pop_0,0.011327,0.007526,0.000000,0.041797
q_ind_204_pop_0,0.016377,0.013000,0.000001,0.052225
q_ind_205_pop_0,0.026262,0.026025,0.000083,0.056849
q_ind_206_pop_0,0.050863,0.051076,0.011611,0.086146
q_ind_207_pop_0,0.128685,0.128847,0.094943,0.161701
q_ind_208_pop_0,0.011939,0.008106,0.000000,0.042732
q_ind_209_pop_0,0.098489,0.098119,0.060878,0.138964
q_ind_210_pop_0,0.015361,0.012314,0.000001,0.049120
q_ind_211_pop_0,0.406690,0.407716,0.370116,0.437369
q_ind_212_pop_0,0.099952,0.099461,0.063479,0.139586
q_ind_213_pop_0,0.095012,0.094491,0.060167,0.134320
q_ind_214_pop_0,0.060039,0.059687,0.022535,0.100242
q_ind_215_pop_0,0.090982,0.089734,0.056735,0.130651
q_ind_216_pop_0,0.069604,0.069279,0.033783,0.106655
q_ind_217_pop_0,0.130107,0.129066,0.092189,0.173110
q_ind_218_pop_0,0.098042,0.097556,0.060484,0.138756
q_ind_219_pop_0,0.103943,0.103078,0.062212,0.148570
q_ind_220_pop_0,0.120797,0.119672,0.081858,0.165799
q_ind_221_pop_0,0.086169,0.087119,0.041298,0.123516
q_ind_222_pop_0,0.258033,0.258385,0.221316,0.294900
q_ind_223_pop_0,0.274847,0.275605,0.232379,0.316332
q_ind_224_pop_0,0.255621,0.255228,0.213835,0.298905
q_ind_225_pop_0,0.242175,0.242157,0.201056,0.283586
q_ind_226_pop_0,0.287146,0.286157,0.241665,0.336319
q_ind_227_pop_0,0.228939,0.229155,0.185909,0.270493
q_ind_228_pop_0,0.248403,0.247533,0.202677,0.300366
q_ind_229_pop_0,0.255100,0.254780,0.216253,0.297239
q_ind_230_pop_0,0.261454,0.260470,0.221265,0.306699
q_ind_231_pop_0,0.342564,0.342607,0.302651,0.383319
q_ind_232_pop_0,0.221755,0.221744,0.183391,0.259679
q_ind_233_pop_0,0.627521,0.627554,0.575562,0.678201
q_ind_234_pop_0,0.567926,0.568006,0.520035,0.615468
q_ind_235_pop_0,0.585634,0.585672,0.538332,0.632668
q_ind_236_pop_0,0.570572,0.570740,0.519194,0.620751
q_ind_237_pop_0,0.565727,0.566589,0.522894,0.607038
q_ind_238_pop_0,0.595600,0.595648,0.548512,0.642379
q_ind_239_pop_0,0.566221,0.566374,0.526668,0.603373
q_ind_240_pop_0,0.534781,0.534370,0.488524,0.582660
q_ind_241_pop_0,0.579713,0.580067,0.533290,0.627382
q_ind_242_pop_0,0.498288,0.499538,0.486693,0.506047
q_ind_243_pop_0,0.571697,0.572216,0.519869,0.622105
q_ind_244_pop_0,0.500558,0.499759,0.490096,0.521607
q_ind_0_pop_1,0.134328,0.134156,0.104296,0.165209
q_ind_1_pop_1,0.128332,0.128179,0.089115,0.168835
q_ind_2_pop_1,0.107012,0.106681,0.075276,0.141276
q_ind_3_pop_1,0.077159,0.077923,0.041182,0.108861
q_ind_4_pop_1,0.123293,0.123096,0.093685,0.153721
q_ind_5_pop_1,0.124268,0.124976,0.089891,0.154765
q_ind_6_pop_1,0.070630,0.070300,0.034832,0.107571
q_ind_7_pop_1,0.120375,0.120205,0.088944,0.153125
q_ind_8_pop_1,0.131354,0.131177,0.094076,0.170513
q_ind_9_pop_1,0.109118,0.109144,0.076307,0.142632
q_ind_10_pop_1,0.073714,0.073079,0.043643,0.106817
q_ind_11_pop_1,0.110483,0.110568,0.078664,0.143850
q_ind_12_pop_1,0.018551,0.017639,0.000002,0.046560
q_ind_13_pop_1,0.079637,0.079379,0.049158,0.111381
q_ind_14_pop_1,0.066010,0.065655,0.037768,0.096460
q_ind_15_pop_1,0.071116,0.070950,0.041797,0.101210
q_ind_16_pop_1,0.049975,0.049978,0.021119,0.079749
q_ind_17_pop_1,0.025344,0.023533,0.000002,0.066385
q_ind_18_pop_1,0.059987,0.059825,0.034329,0.087966
q_ind_19_pop_1,0.068608,0.068207,0.041498,0.098233
q_ind_20_pop_1,0.045109,0.044548,0.009933,0.080715
q_ind_21_pop_1,0.069273,0.068616,0.042310,0.099157
q_ind_22_pop_1,0.062632,0.062157,0.035139,0.093278
q_ind_23_pop_1,0.104145,0.103604,0.071556,0.139511
q_ind_24_pop_1,0.022465,0.022419,0.000030,0.049784
q_ind_25_pop_1,0.059028,0.058647,0.034290,0.085950
q_ind_26_pop_1,0.029362,0.028396,0.000057,0.063910
q_ind_27_pop_1,0.054306,0.053800,0.026241,0.085252
q_ind_28_pop_1,0.052946,0.052371,0.025229,0.084114
q_ind_29_pop_1,0.073758,0.073510,0.047209,0.101309
q_ind_30_pop_1,0.002502,0.000576,0.000000,0.014864
q_ind_31_pop_1,0.006702,0.002188,0.000000,0.032534
q_ind_32_pop_1,0.003615,0.000864,0.000000,0.024365
q_ind_33_pop_1,0.006772,0.002523,0.000000,0.032464
q_ind_34_pop_1,0.012759,0.010997,0.000001,0.037719
q_ind_35_pop_1,0.007410,0.004460,0.000000,0.029171
q_ind_36_pop_1,0.007454,0.003282,0.000000,0.031373
q_ind_37_pop_1,0.002049,0.000459,0.000000,0.012998
q_ind_38_pop_1,0.076013,0.075858,0.043688,0.108225
q_ind_39_pop_1,0.032718,0.033080,0.000015,0.075106
q_ind_40_pop_1,0.093525,0.092942,0.060812,0.131035
q_ind_41_pop_1,0.003766,0.001102,0.000000,0.020416
q_ind_42_pop_1,0.004098,0.001643,0.000000,0.018528
q_ind_43_pop_1,0.002985,0.000726,0.000000,0.016709
q_ind_44_pop_1,0.006022,0.002245,0.000000,0.029307
q_ind_45_pop_1,0.001634,0.000396,0.000000,0.009917
q_ind_46_pop_1,0.010216,0.007588,0.000000,0.035176
q_ind_47_pop_1,0.011980,0.009586,0.000000,0.037014
q_ind_48_pop_1,0.003433,0.000929,0.000000,0.019498
q_ind_49_pop_1,0.002971,0.001084,0.000000,0.014755
q_ind_50_pop_1,0.007727,0.004879,0.000000,0.029836
q_ind_51_pop_1,0.003209,0.000881,0.000000,0.017885
q_ind_52_pop_1,0.002121,0.000636,0.000000,0.012447
q_ind_53_pop_1,0.002016,0.000505,0.000000,0.011806
q_ind_54_pop_1,0.001926,0.000284,0.000000,0.014595
q_ind_55_pop_1,0.006615,0.003447,0.000000,0.027675
q_ind_56_pop_1,0.127608,0.127271,0.097548,0.158138
q_ind_57_pop_1,0.002805,0.000796,0.000000,0.015624
q_ind_58_pop_1,0.021775,0.020763,0.002400,0.046940
q_ind_59_pop_1,0.002515,0.000418,0.000000,0.017706
q_ind_60_pop_1,0.017172,0.016491,0.000001,0.044774
q_ind_61_pop_1,0.007557,0.005006,0.000000,0.027442
q_ind_62_pop_1,0.981743,0.981953,0.958274,0.999677
q_ind_63_pop_1,0.995824,0.997916,0.980784,0.999989
q_ind_64_pop_1,0.990713,0.992874,0.969458,0.999943
q_ind_65_pop_1,0.995386,0.997275,0.980399,0.999980
q_ind_66_pop_1,0.828556,0.828778,0.794014,0.861910
q_ind_67_pop_1,0.001672,0.000371,0.000000,0.010550
q_ind_68_pop_1,0.050844,0.050641,0.024200,0.078883
q_ind_69_pop_1,0.002543,0.000652,0.000000,0.015201
q_ind_70_pop_1,0.001136,0.000229,0.000000,0.007038
q_ind_71_pop_1,0.003929,0.001591,0.000000,0.018831
q_ind_72_pop_1,0.002167,0.000561,0.000000,0.011845
q_ind_73_pop_1,0.041431,0.040985,0.014229,0.070049
q_ind_74_pop_1,0.046409,0.046073,0.021382,0.074356
q_ind_75_pop_1,0.002300,0.000570,0.000000,0.013395
q_ind_76_pop_1,0.140701,0.140780,0.106759,0.176032
q_ind_77_pop_1,0.172396,0.172523,0.139311,0.206864
q_ind_78_pop_1,0.139878,0.139508,0.107501,0.173846
q_ind_79_pop_1,0.122473,0.122607,0.091219,0.154309
q_ind_80_pop_1,0.170856,0.170864,0.137457,0.204998
q_ind_81_pop_1,0.162134,0.162017,0.126800,0.198113
q_ind_82_pop_1,0.154397,0.154347,0.121359,0.188104
q_ind_83_pop_1,0.160592,0.160518,0.126157,0.195349
q_ind_84_pop_1,0.147329,0.147138,0.115328,0.179097
q_ind_85_pop_1,0.150322,0.150594,0.115383,0.183991
q_ind_86_pop_1,0.124646,0.124556,0.090911,0.157547
q_ind_87_pop_1,0.385396,0.385591,0.343365,0.427378
q_ind_88_pop_1,0.389401,0.389911,0.349507,0.428453
q_ind_89_pop_1,0.359032,0.358902,0.315167,0.403631
q_ind_90_pop_1,0.385653,0.385655,0.346514,0.424214
q_ind_91_pop_1,0.397648,0.397231,0.355272,0.439921
q_ind_92_pop_1,0.345540,0.345442,0.305032,0.386935
q_ind_93_pop_1,0.343699,0.344365,0.303455,0.379599
q_ind_94_pop_1,0.386489,0.386275,0.343074,0.431535
q_ind_95_pop_1,0.002029,0.000454,0.000000,0.012371
q_ind_96_pop_1,0.004258,0.001913,0.000000,0.019683
q_ind_97_pop_1,0.000774,0.000135,0.000000,0.005298
q_ind_98_pop_1,0.134129,0.134147,0.105399,0.162925
q_ind_99_pop_1,0.003896,0.001263,0.000000,0.021527
q_ind_100_pop_1,0.001531,0.000335,0.000000,0.009322
q_ind_101_pop_1,0.000900,0.000180,0.000000,0.005604
q_ind_102_pop_1,0.003549,0.001030,0.000000,0.020431
q_ind_103_pop_1,0.000982,0.000197,0.000000,0.006464
q_ind_104_pop_1,0.076276,0.076145,0.049773,0.103594
q_ind_105_pop_1,0.012094,0.011128,0.000003,0.032681
q_ind_106_pop_1,0.004856,0.001717,0.000000,0.023403
q_ind_107_pop_1,0.003463,0.000790,0.000000,0.020060
q_ind_108_pop_1,0.003212,0.000702,0.000000,0.017833
q_ind_109_pop_1,0.002664,0.000688,0.000000,0.014944
q_ind_110_pop_1,0.002925,0.000704,0.000000,0.017918
q_ind_111_pop_1,0.003472,0.001021,0.000000,0.019994
q_ind_112_pop_1,0.011379,0.005776,0.000000,0.049834
q_ind_113_pop_1,0.006411,0.002797,0.000000,0.028538
q_ind_114_pop_1,0.026918,0.026589,0.002232,0.053930
q_ind_115_pop_1,0.001620,0.000394,0.000000,0.009940
q_ind_116_pop_1,0.002516,0.000708,0.000000,0.013910
q_ind_117_pop_1,0.003438,0.001051,0.000000,0.017989
q_ind_118_pop_1,0.005856,0.002824,0.000000,0.025583
q_ind_119_pop_1,0.001744,0.000394,0.000000,0.010548
q_ind_120_pop_1,0.010692,0.009066,0.000001,0.030919
q_ind_121_pop_1,0.002289,0.000656,0.000000,0.012989
q_ind_122_pop_1,0.004833,0.002245,0.000000,0.021771
q_ind_123_pop_1,0.053139,0.053046,0.025962,0.082517
q_ind_124_pop_1,0.112591,0.112547,0.079821,0.145052
q_ind_125_pop_1,0.113837,0.114176,0.076400,0.152108
q_ind_126_pop_1,0.109898,0.109561,0.074777,0.145523
q_ind_127_pop_1,0.129590,0.129473,0.093872,0.164228
q_ind_128_pop_1,0.098348,0.097852,0.065294,0.134157
q_ind_129_pop_1,0.088333,0.089686,0.052187,0.120001
q_ind_130_pop_1,0.172987,0.172935,0.137182,0.208549
q_ind_131_pop_1,0.154917,0.154818,0.122599,0.188170
q_ind_132_pop_1,0.008491,0.006150,0.000000,0.028713
q_ind_133_pop_1,0.004033,0.001368,0.000000,0.020185
q_ind_134_pop_1,0.010603,0.008111,0.000000,0.034822
q_ind_135_pop_1,0.004757,0.001328,0.000000,0.026118
q_ind_136_pop_1,0.003333,0.001014,0.000000,0.018608
q_ind_137_pop_1,0.043967,0.043957,0.017475,0.071886
q_ind_138_pop_1,0.005684,0.001819,0.000000,0.028652
q_ind_139_pop_1,0.007984,0.003939,0.000000,0.032857
q_ind_140_pop_1,0.002404,0.000692,0.000000,0.013904
q_ind_141_pop_1,0.139810,0.139559,0.110201,0.170230
q_ind_142_pop_1,0.010167,0.006700,0.000000,0.036030
q_ind_143_pop_1,0.001619,0.000288,0.000000,0.011764
q_ind_144_pop_1,0.993733,0.996296,0.975663,0.999980
q_ind_145_pop_1,0.962060,0.962762,0.935724,0.985266
q_ind_146_pop_1,0.985105,0.986648,0.962115,0.999779
q_ind_147_pop_1,0.954126,0.954684,0.929377,0.975907
q_ind_148_pop_1,0.847825,0.848284,0.817561,0.876156
q_ind_149_pop_1,0.987943,0.989779,0.964937,0.999914
q_ind_150_pop_1,0.974401,0.974953,0.949665,0.997215
q_ind_151_pop_1,0.994072,0.995986,0.978399,0.999976
q_ind_152_pop_1,0.993939,0.995861,0.977979,0.999977
q_ind_153_pop_1,0.981525,0.982437,0.956729,0.999461
q_ind_154_pop_1,0.497547,0.499277,0.483915,0.501698
q_ind_155_pop_1,0.206444,0.206314,0.169602,0.243088
q_ind_156_pop_1,0.160837,0.160657,0.123916,0.196913
q_ind_157_pop_1,0.141817,0.140371,0.103156,0.186584
q_ind_158_pop_1,0.151778,0.151539,0.119041,0.188016
q_ind_159_pop_1,0.227579,0.227700,0.192254,0.262876
q_ind_160_pop_1,0.191045,0.191052,0.157598,0.224039
q_ind_161_pop_1,0.189005,0.188833,0.153999,0.223353
q_ind_162_pop_1,0.193044,0.193060,0.158104,0.229264
q_ind_163_pop_1,0.163407,0.163053,0.129270,0.199375
q_ind_164_pop_1,0.026653,0.025926,0.000592,0.055876
q_ind_165_pop_1,0.010029,0.006836,0.000000,0.036923
q_ind_166_pop_1,0.008262,0.004224,0.000000,0.035087
q_ind_167_pop_1,0.048390,0.048389,0.015936,0.080232
q_ind_168_pop_1,0.202023,0.201733,0.170535,0.235121
q_ind_169_pop_1,0.006090,0.002796,0.000000,0.027875
q_ind_170_pop_1,0.051675,0.051096,0.020803,0.085168
q_ind_171_pop_1,0.002592,0.000897,0.000000,0.013156
q_ind_172_pop_1,0.003147,0.000758,0.000000,0.019139
q_ind_173_pop_1,0.014762,0.012593,0.000002,0.042998
q_ind_174_pop_1,0.039262,0.038998,0.007989,0.070582
q_ind_175_pop_1,0.237427,0.237329,0.202813,0.271052
q_ind_176_pop_1,0.265061,0.265126,0.225523,0.303420
q_ind_177_pop_1,0.284799,0.284837,0.246062,0.324502
q_ind_178_pop_1,0.251409,0.251422,0.217676,0.285421
q_ind_179_pop_1,0.263798,0.263884,0.223203,0.304960
q_ind_180_pop_1,0.226428,0.225924,0.187464,0.267236
q_ind_181_pop_1,0.255607,0.255650,0.219516,0.292785
q_ind_182_pop_1,0.275488,0.275273,0.238078,0.312761
q_ind_183_pop_1,0.273808,0.273997,0.237712,0.309531
q_ind_184_pop_1,0.001731,0.000352,0.000000,0.011932
q_ind_185_pop_1,0.001611,0.000338,0.000000,0.009911
q_ind_186_pop_1,0.000688,0.000122,0.000000,0.004655
q_ind_187_pop_1,0.000838,0.000183,0.000000,0.005348
q_ind_188_pop_1,0.001236,0.000225,0.000000,0.008532
q_ind_189_pop_1,0.004196,0.001457,0.000000,0.022266
q_ind_190_pop_1,0.000975,0.000210,0.000000,0.006242
q_ind_191_pop_1,0.002018,0.000501,0.000000,0.012711
q_ind_192_pop_1,0.002536,0.000719,0.000000,0.015004
q_ind_193_pop_1,0.000447,0.000078,0.000000,0.003045
q_ind_194_pop_1,0.005321,0.001758,0.000000,0.026836
q_ind_195_pop_1,0.000837,0.000124,0.000000,0.006270
q_ind_196_pop_1,0.000597,0.000102,0.000000,0.004008
q_ind_197_pop_1,0.000450,0.000087,0.000000,0.003047
q_ind_198_pop_1,0.001914,0.000421,0.000000,0.012786
q_ind_199_pop_1,0.000887,0.000166,0.000000,0.006175
q_ind_200_pop_1,0.003828,0.001025,0.000000,0.020993
q_ind_201_pop_1,0.001917,0.000479,0.000000,0.011142
q_ind_202_pop_1,0.059947,0.058944,0.023939,0.098879
q_ind_203_pop_1,0.009168,0.005153,0.000000,0.035353
q_ind_204_pop_1,0.018426,0.017303,0.000003,0.048883
q_ind_205_pop_1,0.037262,0.037006,0.002724,0.070985
q_ind_206_pop_1,0.054532,0.053585,0.025259,0.088854
q_ind_207_pop_1,0.118079,0.117538,0.084617,0.153141
q_ind_208_pop_1,0.027967,0.027486,0.002491,0.056207
q_ind_209_pop_1,0.009006,0.004983,0.000000,0.035242
q_ind_210_pop_1,0.037745,0.037391,0.005494,0.074390
q_ind_211_pop_1,0.089139,0.088735,0.060403,0.119643
q_ind_212_pop_1,0.020576,0.019101,0.000001,0.054208
q_ind_213_pop_1,0.046599,0.047007,0.009283,0.080790
q_ind_214_pop_1,0.076455,0.076447,0.043489,0.108978
q_ind_215_pop_1,0.065191,0.065097,0.034957,0.097412
q_ind_216_pop_1,0.003707,0.000731,0.000000,0.024323
q_ind_217_pop_1,0.110960,0.110894,0.078422,0.143576
q_ind_218_pop_1,0.034385,0.034215,0.000402,0.065596
q_ind_219_pop_1,0.066678,0.066439,0.036178,0.098693
q_ind_220_pop_1,0.118474,0.118015,0.083018,0.155084
q_ind_221_pop_1,0.044344,0.044588,0.011123,0.075396
q_ind_222_pop_1,0.060308,0.060082,0.029462,0.091715
q_ind_223_pop_1,0.187733,0.188223,0.146282,0.225647
q_ind_224_pop_1,0.084343,0.084066,0.049056,0.121495
q_ind_225_pop_1,0.123260,0.123050,0.088735,0.159155
q_ind_226_pop_1,0.051852,0.051327,0.020217,0.090006
q_ind_227_pop_1,0.071212,0.070851,0.038552,0.108421
q_ind_228_pop_1,0.056157,0.055276,0.019344,0.099177
q_ind_229_pop_1,0.025949,0.023875,0.000001,0.069584
q_ind_230_pop_1,0.113216,0.112357,0.079085,0.151121
q_ind_231_pop_1,0.015009,0.014087,0.000008,0.039067
q_ind_232_pop_1,0.060387,0.059951,0.027803,0.094631
q_ind_233_pop_1,0.003797,0.001575,0.000000,0.018320
q_ind_234_pop_1,0.001270,0.000325,0.000000,0.007993
q_ind_235_pop_1,0.000754,0.000153,0.000000,0.005007
q_ind_236_pop_1,0.000952,0.000227,0.000000,0.005730
q_ind_237_pop_1,0.001403,0.000330,0.000000,0.008663
q_ind_238_pop_1,0.001151,0.000218,0.000000,0.007805
q_ind_239_pop_1,0.001360,0.000260,0.000000,0.009067
q_ind_240_pop_1,0.020490,0.020074,0.002162,0.040321
q_ind_241_pop_1,0.004644,0.002926,0.000000,0.017376
q_ind_242_pop_1,0.001973,0.000327,0.000000,0.012850
q_ind_243_pop_1,0.001907,0.000487,0.000000,0.011611
q_ind_244_pop_1,0.001274,0.000255,0.000000,0.008561
q_ind_0_pop_2,0.583284,0.582760,0.537535,0.632616
q_ind_1_pop_2,0.639754,0.639974,0.582339,0.697040
q_ind_2_pop_2,0.764196,0.764678,0.705959,0.819353
q_ind_3_pop_2,0.809816,0.811001,0.755158,0.859837
q_ind_4_pop_2,0.487686,0.494042,0.448595,0.501591
q_ind_5_pop_2,0.730833,0.732004,0.675081,0.782375
q_ind_6_pop_2,0.752286,0.752621,0.693372,0.812660
q_ind_7_pop_2,0.733303,0.733258,0.682384,0.785827
q_ind_8_pop_2,0.701503,0.701085,0.645865,0.759944
q_ind_9_pop_2,0.768993,0.768767,0.712383,0.825926
q_ind_10_pop_2,0.766111,0.766197,0.715696,0.813907
q_ind_11_pop_2,0.765265,0.766322,0.704493,0.819366
q_ind_12_pop_2,0.058053,0.057159,0.016429,0.105653
q_ind_13_pop_2,0.005375,0.001280,0.000000,0.032392
q_ind_14_pop_2,0.024175,0.023046,0.000007,0.058861
q_ind_15_pop_2,0.035262,0.035089,0.000080,0.075695
q_ind_16_pop_2,0.028462,0.026234,0.000001,0.080290
q_ind_17_pop_2,0.039748,0.038557,0.000003,0.100980
q_ind_18_pop_2,0.005678,0.001690,0.000000,0.030496
q_ind_19_pop_2,0.094882,0.094357,0.055596,0.139147
q_ind_20_pop_2,0.004631,0.000981,0.000000,0.030096
q_ind_21_pop_2,0.011723,0.006947,0.000000,0.044203
q_ind_22_pop_2,0.008615,0.003554,0.000000,0.043560
q_ind_23_pop_2,0.037132,0.036335,0.000042,0.082504
q_ind_24_pop_2,0.013453,0.009491,0.000000,0.047558
q_ind_25_pop_2,0.003421,0.000791,0.000000,0.021611
q_ind_26_pop_2,0.005058,0.001673,0.000000,0.026779
q_ind_27_pop_2,0.017635,0.013513,0.000000,0.054802
q_ind_28_pop_2,0.014821,0.011518,0.000000,0.047626
q_ind_29_pop_2,0.005429,0.001645,0.000000,0.028956
q_ind_30_pop_2,0.683669,0.684021,0.635607,0.730879
q_ind_31_pop_2,0.665359,0.665443,0.603753,0.727367
q_ind_32_pop_2,0.675468,0.675306,0.621149,0.731566
q_ind_33_pop_2,0.743939,0.744325,0.685341,0.801564
q_ind_34_pop_2,0.691194,0.691467,0.634858,0.746152
q_ind_35_pop_2,0.720138,0.720664,0.666905,0.768875
q_ind_36_pop_2,0.648045,0.648359,0.596575,0.698952
q_ind_37_pop_2,0.696941,0.696896,0.646250,0.747500
q_ind_38_pop_2,0.403598,0.405726,0.353112,0.445725
q_ind_39_pop_2,0.629486,0.630866,0.561337,0.694364
q_ind_40_pop_2,0.499785,0.499446,0.480902,0.530861
q_ind_41_pop_2,0.003504,0.000744,0.000000,0.021701
q_ind_42_pop_2,0.014458,0.010331,0.000000,0.050305
q_ind_43_pop_2,0.004997,0.001198,0.000000,0.030895
q_ind_44_pop_2,0.004831,0.001113,0.000000,0.031675
q_ind_45_pop_2,0.005389,0.001644,0.000000,0.028609
q_ind_46_pop_2,0.009802,0.005762,0.000000,0.041086
q_ind_47_pop_2,0.004476,0.001170,0.000000,0.026788
q_ind_48_pop_2,0.004622,0.001008,0.000000,0.028183
q_ind_49_pop_2,0.005804,0.001594,0.000000,0.032708
q_ind_50_pop_2,0.003713,0.001600,0.000000,0.018286
q_ind_51_pop_2,0.001243,0.000279,0.000000,0.007962
q_ind_52_pop_2,0.001401,0.000255,0.000000,0.008935
q_ind_53_pop_2,0.006950,0.002089,0.000000,0.037666
q_ind_54_pop_2,0.001642,0.000305,0.000000,0.011688
q_ind_55_pop_2,0.002256,0.000470,0.000000,0.014318
q_ind_56_pop_2,0.064029,0.064154,0.024714,0.104824
q_ind_57_pop_2,0.002014,0.000423,0.000000,0.012859
q_ind_58_pop_2,0.005420,0.001289,0.000000,0.029409
q_ind_59_pop_2,0.002595,0.000439,0.000000,0.017228
q_ind_60_pop_2,0.008328,0.002869,0.000000,0.039069
q_ind_61_pop_2,0.007736,0.004319,0.000000,0.032849
q_ind_62_pop_2,0.016334,0.015949,0.000006,0.040106
q_ind_63_pop_2,0.002602,0.000450,0.000000,0.016662
q_ind_64_pop_2,0.005665,0.001878,0.000000,0.026607
q_ind_65_pop_2,0.002227,0.000505,0.000000,0.014325
q_ind_66_pop_2,0.169804,0.169808,0.136618,0.203920
q_ind_67_pop_2,0.004303,0.001451,0.000000,0.022854
q_ind_68_pop_2,0.074155,0.073942,0.033243,0.116083
q_ind_69_pop_2,0.073068,0.072585,0.040650,0.108530
q_ind_70_pop_2,0.002450,0.000448,0.000000,0.017111
q_ind_71_pop_2,0.005199,0.001663,0.000000,0.030129
q_ind_72_pop_2,0.020988,0.018277,0.000002,0.061309
q_ind_73_pop_2,0.061962,0.061777,0.021758,0.104943
q_ind_74_pop_2,0.089483,0.089358,0.057925,0.121810
q_ind_75_pop_2,0.003312,0.000798,0.000000,0.019883
q_ind_76_pop_2,0.093487,0.093196,0.049187,0.139734
q_ind_77_pop_2,0.074930,0.073666,0.027027,0.126994
q_ind_78_pop_2,0.107075,0.107332,0.061025,0.150821
q_ind_79_pop_2,0.134703,0.134568,0.089675,0.179218
q_ind_80_pop_2,0.095247,0.094986,0.045573,0.142742
q_ind_81_pop_2,0.098722,0.098332,0.046805,0.152254
q_ind_82_pop_2,0.077605,0.076965,0.035007,0.126289
q_ind_83_pop_2,0.109306,0.108628,0.061040,0.160007
q_ind_84_pop_2,0.082170,0.080540,0.044548,0.124822
q_ind_85_pop_2,0.103142,0.101970,0.051954,0.157378
q_ind_86_pop_2,0.126695,0.126081,0.076221,0.178007
q_ind_87_pop_2,0.198163,0.198605,0.139865,0.255821
q_ind_88_pop_2,0.193085,0.192845,0.139556,0.248439
q_ind_89_pop_2,0.140271,0.140386,0.080677,0.197494
q_ind_90_pop_2,0.140715,0.140168,0.082277,0.200650
q_ind_91_pop_2,0.153501,0.153510,0.101524,0.207617
q_ind_92_pop_2,0.199223,0.198474,0.137405,0.263556
q_ind_93_pop_2,0.152190,0.152374,0.115788,0.189183
q_ind_94_pop_2,0.176146,0.174993,0.120450,0.236271
q_ind_95_pop_2,0.001623,0.000384,0.000000,0.009760
q_ind_96_pop_2,0.004286,0.002041,0.000000,0.019135
q_ind_97_pop_2,0.054655,0.054460,0.023276,0.088573
q_ind_98_pop_2,0.115616,0.115003,0.075446,0.156291
q_ind_99_pop_2,0.001420,0.000331,0.000000,0.008485
q_ind_100_pop_2,0.000860,0.000171,0.000000,0.005607
q_ind_101_pop_2,0.000771,0.000156,0.000000,0.005026
q_ind_102_pop_2,0.001860,0.000420,0.000000,0.011996
q_ind_103_pop_2,0.000748,0.000149,0.000000,0.005048
q_ind_104_pop_2,0.087172,0.087121,0.053317,0.123264
q_ind_105_pop_2,0.008221,0.005772,0.000000,0.028420
q_ind_106_pop_2,0.260323,0.260667,0.204084,0.315044
q_ind_107_pop_2,0.299327,0.300330,0.245757,0.351716
q_ind_108_pop_2,0.301173,0.301065,0.240913,0.364152
q_ind_109_pop_2,0.300062,0.299433,0.249525,0.353699
q_ind_110_pop_2,0.306399,0.306726,0.251468,0.360139
q_ind_111_pop_2,0.261411,0.259861,0.220650,0.308974
q_ind_112_pop_2,0.300526,0.299964,0.240312,0.362988
q_ind_113_pop_2,0.264871,0.264992,0.199660,0.329933
q_ind_114_pop_2,0.004531,0.001204,0.000000,0.023792
q_ind_115_pop_2,0.002510,0.000562,0.000000,0.015381
q_ind_116_pop_2,0.002404,0.000608,0.000000,0.014764
q_ind_117_pop_2,0.002698,0.000686,0.000000,0.016252
q_ind_118_pop_2,0.002504,0.000618,0.000000,0.015241
q_ind_119_pop_2,0.001229,0.000247,0.000000,0.008033
q_ind_120_pop_2,0.006975,0.004107,0.000000,0.028437
q_ind_121_pop_2,0.001607,0.000367,0.000000,0.010303
q_ind_122_pop_2,0.001793,0.000413,0.000000,0.010409
q_ind_123_pop_2,0.088349,0.088584,0.045316,0.130724
q_ind_124_pop_2,0.114639,0.114714,0.067326,0.165056
q_ind_125_pop_2,0.105487,0.104816,0.054880,0.159887
q_ind_126_pop_2,0.071455,0.072233,0.010739,0.124731
q_ind_127_pop_2,0.089836,0.089593,0.043328,0.136607
q_ind_128_pop_2,0.064785,0.065028,0.020847,0.108582
q_ind_129_pop_2,0.113514,0.110036,0.071257,0.170497
q_ind_130_pop_2,0.187885,0.188434,0.135862,0.234929
q_ind_131_pop_2,0.269563,0.269164,0.231626,0.308239
q_ind_132_pop_2,0.006218,0.002006,0.000000,0.034401
q_ind_133_pop_2,0.031109,0.030641,0.000204,0.070276
q_ind_134_pop_2,0.028597,0.026574,0.000112,0.069734
q_ind_135_pop_2,0.011842,0.007058,0.000000,0.045059
q_ind_136_pop_2,0.034255,0.034945,0.000460,0.067716
q_ind_137_pop_2,0.198217,0.198158,0.155556,0.242457
q_ind_138_pop_2,0.089605,0.088441,0.051259,0.132377
q_ind_139_pop_2,0.027696,0.024589,0.000004,0.079157
q_ind_140_pop_2,0.049029,0.048269,0.009502,0.088199
q_ind_141_pop_2,0.083193,0.083246,0.046647,0.119737
q_ind_142_pop_2,0.078495,0.078202,0.031594,0.124850
q_ind_143_pop_2,0.029081,0.028281,0.000011,0.071068
q_ind_144_pop_2,0.004343,0.001183,0.000000,0.022463
q_ind_145_pop_2,0.005951,0.001674,0.000000,0.028507
q_ind_146_pop_2,0.010911,0.008145,0.000000,0.034747
q_ind_147_pop_2,0.007570,0.002964,0.000000,0.034152
q_ind_148_pop_2,0.050936,0.051845,0.009381,0.087648
q_ind_149_pop_2,0.007249,0.004078,0.000000,0.029241
q_ind_150_pop_2,0.018284,0.016674,0.000016,0.046407
q_ind_151_pop_2,0.002441,0.000494,0.000000,0.016826
q_ind_152_pop_2,0.003440,0.001439,0.000000,0.017131
q_ind_153_pop_2,0.008270,0.005681,0.000000,0.032014
q_ind_154_pop_2,0.125581,0.125515,0.086600,0.165437
q_ind_155_pop_2,0.689389,0.689986,0.627540,0.746477
q_ind_156_pop_2,0.756868,0.757184,0.698119,0.813270
q_ind_157_pop_2,0.746614,0.746338,0.687930,0.804604
q_ind_158_pop_2,0.700712,0.700381,0.645493,0.757556
q_ind_159_pop_2,0.682395,0.682578,0.626335,0.738238
q_ind_160_pop_2,0.769696,0.770893,0.708600,0.824886
q_ind_161_pop_2,0.712488,0.712316,0.657146,0.765588
q_ind_162_pop_2,0.748506,0.748843,0.691752,0.802722
q_ind_163_pop_2,0.743428,0.743767,0.686313,0.796617
q_ind_164_pop_2,0.398624,0.397858,0.346316,0.457570
q_ind_165_pop_2,0.415638,0.415679,0.359829,0.473095
q_ind_166_pop_2,0.428040,0.427974,0.368327,0.485454
q_ind_167_pop_2,0.063290,0.063085,0.023059,0.105561
q_ind_168_pop_2,0.231834,0.232122,0.193941,0.269753
q_ind_169_pop_2,0.008548,0.004823,0.000000,0.035136
q_ind_170_pop_2,0.005297,0.001373,0.000000,0.031609
q_ind_171_pop_2,0.002062,0.000429,0.000000,0.015006
q_ind_172_pop_2,0.002671,0.000475,0.000000,0.017040
q_ind_173_pop_2,0.002259,0.000520,0.000000,0.013398
q_ind_174_pop_2,0.154918,0.154945,0.108903,0.200232
q_ind_175_pop_2,0.254176,0.255153,0.210339,0.291427
q_ind_176_pop_2,0.255138,0.254844,0.200295,0.309508
q_ind_177_pop_2,0.156721,0.155979,0.109811,0.206560
q_ind_178_pop_2,0.256771,0.257223,0.207371,0.304822
q_ind_179_pop_2,0.228385,0.228007,0.176086,0.282531
q_ind_180_pop_2,0.234676,0.234443,0.177660,0.288097
q_ind_181_pop_2,0.172210,0.171368,0.124434,0.223949
q_ind_182_pop_2,0.191669,0.191451,0.142414,0.242700
q_ind_183_pop_2,0.209377,0.210446,0.163148,0.249639
q_ind_184_pop_2,0.016985,0.010628,0.000000,0.064627
q_ind_185_pop_2,0.003159,0.000702,0.000000,0.019248
q_ind_186_pop_2,0.008272,0.002659,0.000000,0.039008
q_ind_187_pop_2,0.007750,0.003301,0.000000,0.034927
q_ind_188_pop_2,0.011191,0.005270,0.000000,0.047695
q_ind_189_pop_2,0.071030,0.070648,0.020429,0.117177
q_ind_190_pop_2,0.006554,0.002418,0.000000,0.032530
q_ind_191_pop_2,0.959901,0.960718,0.922775,0.996045
q_ind_192_pop_2,0.936826,0.935917,0.891588,0.985574
q_ind_193_pop_2,0.998649,0.999301,0.993545,0.999997
q_ind_194_pop_2,0.989047,0.992600,0.960711,0.999960
q_ind_195_pop_2,0.998053,0.998972,0.991034,0.999994
q_ind_196_pop_2,0.997905,0.998868,0.990297,0.999995
q_ind_197_pop_2,0.998617,0.999280,0.993521,0.999996
q_ind_198_pop_2,0.984868,0.991020,0.939422,0.999951
q_ind_199_pop_2,0.997637,0.998784,0.988839,0.999993
q_ind_200_pop_2,0.411648,0.411757,0.366825,0.454787
q_ind_201_pop_2,0.993873,0.996553,0.972033,0.999977
q_ind_202_pop_2,0.803740,0.803495,0.739039,0.867123
q_ind_203_pop_2,0.811985,0.812757,0.749993,0.866917
q_ind_204_pop_2,0.787239,0.788327,0.721773,0.846482
q_ind_205_pop_2,0.824780,0.825010,0.765446,0.882078
q_ind_206_pop_2,0.767384,0.767411,0.709935,0.824622
q_ind_207_pop_2,0.475513,0.487559,0.403771,0.500646
q_ind_208_pop_2,0.787145,0.786853,0.732659,0.843596
q_ind_209_pop_2,0.686035,0.685878,0.633041,0.740476
q_ind_210_pop_2,0.780765,0.781691,0.722344,0.837424
q_ind_211_pop_2,0.309450,0.309132,0.264960,0.357021
q_ind_212_pop_2,0.083221,0.084175,0.039406,0.124347
q_ind_213_pop_2,0.099268,0.102092,0.024080,0.149897
q_ind_214_pop_2,0.115182,0.114315,0.068233,0.166644
q_ind_215_pop_2,0.074954,0.075086,0.025124,0.121837
q_ind_216_pop_2,0.095361,0.095298,0.048524,0.142224
q_ind_217_pop_2,0.088165,0.087111,0.042741,0.138637
q_ind_218_pop_2,0.098708,0.099192,0.049284,0.146499
q_ind_219_pop_2,0.055383,0.059588,0.000004,0.108229
q_ind_220_pop_2,0.100702,0.103779,0.033825,0.143954
q_ind_221_pop_2,0.106217,0.104386,0.062648,0.161425
q_ind_222_pop_2,0.441546,0.441060,0.409230,0.479449
q_ind_223_pop_2,0.298079,0.298179,0.245516,0.345418
q_ind_224_pop_2,0.494608,0.494407,0.435088,0.552725
q_ind_225_pop_2,0.382888,0.380723,0.344077,0.433621
q_ind_226_pop_2,0.517025,0.517303,0.459202,0.572559
q_ind_227_pop_2,0.514174,0.513627,0.461367,0.569640
q_ind_228_pop_2,0.547573,0.547531,0.486985,0.608009
q_ind_229_pop_2,0.541577,0.543963,0.457023,0.605337
q_ind_230_pop_2,0.464866,0.473888,0.391351,0.502894
q_ind_231_pop_2,0.422823,0.422386,0.364628,0.482066
q_ind_232_pop_2,0.499671,0.499447,0.446689,0.552736
q_ind_233_pop_2,0.002174,0.000422,0.000000,0.015005
q_ind_234_pop_2,0.002619,0.000517,0.000000,0.017125
q_ind_235_pop_2,0.002659,0.000531,0.000000,0.017720
q_ind_236_pop_2,0.002514,0.000562,0.000000,0.015725
q_ind_237_pop_2,0.017150,0.015234,0.000001,0.049532
q_ind_238_pop_2,0.002709,0.000746,0.000000,0.016060
q_ind_239_pop_2,0.026345,0.025859,0.000002,0.066787
q_ind_240_pop_2,0.004039,0.001260,0.000000,0.022339
q_ind_241_pop_2,0.006753,0.002843,0.000000,0.032596
q_ind_242_pop_2,0.061374,0.061101,0.028741,0.096008
q_ind_243_pop_2,0.001537,0.000321,0.000000,0.009841
q_ind_244_pop_2,0.071843,0.071578,0.035205,0.110170
q_ind_0_pop_3,0.279859,0.280438,0.233678,0.328178
q_ind_1_pop_3,0.230233,0.230279,0.177584,0.284740
q_ind_2_pop_3,0.126552,0.125273,0.081955,0.175773
q_ind_3_pop_3,0.109201,0.105904,0.068955,0.161484
q_ind_4_pop_3,0.363202,0.363987,0.320437,0.407045
q_ind_5_pop_3,0.141298,0.136679,0.101492,0.199012
q_ind_6_pop_3,0.176061,0.176184,0.125187,0.225869
q_ind_7_pop_3,0.143682,0.143599,0.098785,0.186613
q_ind_8_pop_3,0.165673,0.164809,0.117352,0.218289
q_ind_9_pop_3,0.120969,0.121242,0.071638,0.170855
q_ind_10_pop_3,0.155978,0.155490,0.111253,0.201890
q_ind_11_pop_3,0.120109,0.117353,0.080985,0.174306
q_ind_12_pop_3,0.433245,0.433414,0.382407,0.479113
q_ind_13_pop_3,0.416603,0.417970,0.371258,0.452618
q_ind_14_pop_3,0.389978,0.389229,0.340715,0.443354
q_ind_15_pop_3,0.415282,0.415968,0.365155,0.458454
q_ind_16_pop_3,0.420273,0.421728,0.369385,0.466075
q_ind_17_pop_3,0.412529,0.413373,0.337201,0.474953
q_ind_18_pop_3,0.426857,0.428275,0.382668,0.465512
q_ind_19_pop_3,0.338556,0.339130,0.294956,0.379249
q_ind_20_pop_3,0.921529,0.921974,0.871737,0.971071
q_ind_21_pop_3,0.905040,0.906975,0.853818,0.946023
q_ind_22_pop_3,0.925633,0.927142,0.885039,0.957331
q_ind_23_pop_3,0.824288,0.825117,0.762880,0.881070
q_ind_24_pop_3,0.934223,0.935468,0.884678,0.976848
q_ind_25_pop_3,0.934128,0.934762,0.901863,0.960754
q_ind_26_pop_3,0.950922,0.951254,0.908226,0.993597
q_ind_27_pop_3,0.923453,0.924842,0.879734,0.960604
q_ind_28_pop_3,0.910377,0.911971,0.860082,0.953402
q_ind_29_pop_3,0.913121,0.914183,0.873704,0.945623
q_ind_30_pop_3,0.222793,0.222342,0.170594,0.277353
q_ind_31_pop_3,0.237732,0.237035,0.166277,0.310723
q_ind_32_pop_3,0.240205,0.240981,0.177735,0.299214
q_ind_33_pop_3,0.163370,0.162583,0.103682,0.224514
q_ind_34_pop_3,0.193259,0.193399,0.133755,0.251134
q_ind_35_pop_3,0.182624,0.181648,0.127722,0.241607
q_ind_36_pop_3,0.234865,0.234258,0.181747,0.293033
q_ind_37_pop_3,0.213022,0.213754,0.151265,0.270012
q_ind_38_pop_3,0.299577,0.298174,0.254993,0.351908
q_ind_39_pop_3,0.238658,0.239243,0.164710,0.308559
q_ind_40_pop_3,0.324214,0.323947,0.272682,0.375657
q_ind_41_pop_3,0.152655,0.152581,0.105511,0.199855
q_ind_42_pop_3,0.174079,0.174435,0.127232,0.222721
q_ind_43_pop_3,0.183527,0.183480,0.134412,0.233758
q_ind_44_pop_3,0.179844,0.179984,0.126008,0.233141
q_ind_45_pop_3,0.151499,0.150953,0.108471,0.198498
q_ind_46_pop_3,0.130899,0.131053,0.077985,0.181053
q_ind_47_pop_3,0.155836,0.155462,0.108679,0.205745
q_ind_48_pop_3,0.146812,0.146810,0.099377,0.195902
q_ind_49_pop_3,0.147787,0.147518,0.097762,0.197889
q_ind_50_pop_3,0.240285,0.240003,0.198189,0.282258
q_ind_51_pop_3,0.251557,0.251613,0.210848,0.294014
q_ind_52_pop_3,0.231880,0.231349,0.191866,0.273438
q_ind_53_pop_3,0.229009,0.229949,0.179680,0.272633
q_ind_54_pop_3,0.192355,0.192067,0.153143,0.232676
q_ind_55_pop_3,0.228984,0.229463,0.185546,0.269759
q_ind_56_pop_3,0.310878,0.310433,0.267584,0.354742
q_ind_57_pop_3,0.213959,0.213988,0.176066,0.253298
q_ind_58_pop_3,0.229094,0.229334,0.184160,0.272916
q_ind_59_pop_3,0.256223,0.256362,0.212912,0.298230
q_ind_60_pop_3,0.184580,0.184958,0.135856,0.230912
q_ind_61_pop_3,0.202988,0.203075,0.155702,0.251200
q_ind_62_pop_3,0.001254,0.000209,0.000000,0.009312
q_ind_63_pop_3,0.000961,0.000172,0.000000,0.006231
q_ind_64_pop_3,0.000914,0.000190,0.000000,0.005991
q_ind_65_pop_3,0.001234,0.000247,0.000000,0.008249
q_ind_66_pop_3,0.000901,0.000163,0.000000,0.005928
q_ind_67_pop_3,0.535893,0.535830,0.488230,0.582670
q_ind_68_pop_3,0.495386,0.498359,0.458687,0.532620
q_ind_69_pop_3,0.470090,0.473971,0.411664,0.516395
q_ind_70_pop_3,0.535351,0.535128,0.488455,0.583541
q_ind_71_pop_3,0.538906,0.539453,0.487156,0.589300
q_ind_72_pop_3,0.509033,0.509584,0.450927,0.565373
q_ind_73_pop_3,0.476085,0.476433,0.427722,0.521353
q_ind_74_pop_3,0.453788,0.454343,0.422718,0.481067
q_ind_75_pop_3,0.520829,0.520838,0.470335,0.572738
q_ind_76_pop_3,0.764335,0.763730,0.717754,0.813147
q_ind_77_pop_3,0.751081,0.750928,0.700076,0.800962
q_ind_78_pop_3,0.748382,0.748505,0.700953,0.796724
q_ind_79_pop_3,0.741210,0.741452,0.695190,0.787569
q_ind_80_pop_3,0.724500,0.723995,0.672853,0.778525
q_ind_81_pop_3,0.736093,0.736777,0.680588,0.789988
q_ind_82_pop_3,0.765473,0.766451,0.716120,0.811380
q_ind_83_pop_3,0.727983,0.728444,0.676778,0.776302
q_ind_84_pop_3,0.767557,0.767575,0.722478,0.813036
q_ind_85_pop_3,0.743652,0.743530,0.689491,0.797774
q_ind_86_pop_3,0.742908,0.743395,0.685942,0.794071
q_ind_87_pop_3,0.209165,0.206799,0.152274,0.277220
q_ind_88_pop_3,0.204218,0.203781,0.146490,0.264205
q_ind_89_pop_3,0.229998,0.231789,0.159008,0.299839
q_ind_90_pop_3,0.232206,0.231453,0.173608,0.293754
q_ind_91_pop_3,0.214266,0.214220,0.156340,0.275813
q_ind_92_pop_3,0.211692,0.211171,0.153489,0.272458
q_ind_93_pop_3,0.269004,0.268114,0.224489,0.323335
q_ind_94_pop_3,0.206862,0.206767,0.146244,0.267501
q_ind_95_pop_3,0.001748,0.000380,0.000000,0.011384
q_ind_96_pop_3,0.002470,0.000685,0.000000,0.013919
q_ind_97_pop_3,0.445393,0.445661,0.410854,0.476624
q_ind_98_pop_3,0.251547,0.250845,0.211005,0.293545
q_ind_99_pop_3,0.002203,0.000525,0.000000,0.013035
q_ind_100_pop_3,0.001089,0.000229,0.000000,0.006987
q_ind_101_pop_3,0.000699,0.000136,0.000000,0.004685
q_ind_102_pop_3,0.001738,0.000383,0.000000,0.010722
q_ind_103_pop_3,0.000685,0.000135,0.000000,0.004500
q_ind_104_pop_3,0.337477,0.337724,0.298909,0.376539
q_ind_105_pop_3,0.021716,0.019507,0.000040,0.057472
q_ind_106_pop_3,0.590900,0.591278,0.523977,0.656847
q_ind_107_pop_3,0.545523,0.545584,0.485171,0.607438
q_ind_108_pop_3,0.527179,0.527790,0.446918,0.604688
q_ind_109_pop_3,0.523246,0.524856,0.453796,0.582414
q_ind_110_pop_3,0.501651,0.502295,0.436476,0.564937
q_ind_111_pop_3,0.488031,0.496337,0.420168,0.506097
q_ind_112_pop_3,0.570244,0.569414,0.496749,0.648589
q_ind_113_pop_3,0.575803,0.575794,0.496934,0.652565
q_ind_114_pop_3,0.012087,0.006889,0.000000,0.048665
q_ind_115_pop_3,0.002451,0.000555,0.000000,0.016157
q_ind_116_pop_3,0.002848,0.000771,0.000000,0.016080
q_ind_117_pop_3,0.026002,0.025743,0.000026,0.059690
q_ind_118_pop_3,0.003751,0.000858,0.000000,0.024023
q_ind_119_pop_3,0.001146,0.000234,0.000000,0.007549
q_ind_120_pop_3,0.003838,0.001218,0.000000,0.020461
q_ind_121_pop_3,0.002294,0.000573,0.000000,0.014742
q_ind_122_pop_3,0.004043,0.001136,0.000000,0.022215
q_ind_123_pop_3,0.086320,0.084889,0.040519,0.140388
q_ind_124_pop_3,0.770332,0.770771,0.717108,0.818327
q_ind_125_pop_3,0.760447,0.761460,0.696261,0.820392
q_ind_126_pop_3,0.779756,0.779462,0.720486,0.840367
q_ind_127_pop_3,0.758085,0.758481,0.699718,0.813913
q_ind_128_pop_3,0.831098,0.831123,0.778355,0.881209
q_ind_129_pop_3,0.776051,0.776599,0.711264,0.834243
q_ind_130_pop_3,0.522387,0.505870,0.494405,0.593619
q_ind_131_pop_3,0.495954,0.499339,0.468973,0.503475
q_ind_132_pop_3,0.974934,0.978229,0.932656,0.999671
q_ind_133_pop_3,0.927060,0.927955,0.871359,0.978092
q_ind_134_pop_3,0.937582,0.938689,0.887883,0.978870
q_ind_135_pop_3,0.935373,0.936245,0.889992,0.975823
q_ind_136_pop_3,0.926656,0.926286,0.870913,0.980846
q_ind_137_pop_3,0.686774,0.686421,0.632198,0.740925
q_ind_138_pop_3,0.823068,0.823647,0.767621,0.876632
q_ind_139_pop_3,0.891121,0.891952,0.836148,0.942066
q_ind_140_pop_3,0.906095,0.906350,0.856241,0.954908
q_ind_141_pop_3,0.499990,0.499790,0.492014,0.514539
q_ind_142_pop_3,0.879826,0.880433,0.827236,0.927689
q_ind_143_pop_3,0.939549,0.940577,0.889249,0.983257
q_ind_144_pop_3,0.001076,0.000205,0.000000,0.007376
q_ind_145_pop_3,0.028018,0.027011,0.001259,0.058125
q_ind_146_pop_3,0.001867,0.000493,0.000000,0.011314
q_ind_147_pop_3,0.034593,0.035098,0.006002,0.060729
q_ind_148_pop_3,0.018857,0.009215,0.000000,0.066057
q_ind_149_pop_3,0.001638,0.000384,0.000000,0.009676
q_ind_150_pop_3,0.003391,0.001256,0.000000,0.016406
q_ind_151_pop_3,0.001444,0.000333,0.000000,0.008921
q_ind_152_pop_3,0.001388,0.000336,0.000000,0.008349
q_ind_153_pop_3,0.003719,0.001351,0.000000,0.019113
q_ind_154_pop_3,0.291674,0.292116,0.244143,0.336909
q_ind_155_pop_3,0.101995,0.100888,0.055067,0.153312
q_ind_156_pop_3,0.066945,0.066955,0.019745,0.118159
q_ind_157_pop_3,0.109543,0.112062,0.049874,0.156462
q_ind_158_pop_3,0.146186,0.146825,0.101351,0.188473
q_ind_159_pop_3,0.088639,0.088376,0.043418,0.136755
q_ind_160_pop_3,0.035818,0.033529,0.000002,0.090200
q_ind_161_pop_3,0.096283,0.096065,0.052783,0.140972
q_ind_162_pop_3,0.057353,0.057065,0.012170,0.103232
q_ind_163_pop_3,0.090800,0.090131,0.044089,0.138159
q_ind_164_pop_3,0.533044,0.533798,0.469044,0.593416
q_ind_165_pop_3,0.556080,0.556155,0.495497,0.613434
q_ind_166_pop_3,0.533122,0.533463,0.470510,0.593852
q_ind_167_pop_3,0.663906,0.664500,0.609631,0.714218
q_ind_168_pop_3,0.498716,0.499667,0.476026,0.518511
q_ind_169_pop_3,0.979818,0.982415,0.943743,0.999685
q_ind_170_pop_3,0.939843,0.940898,0.903838,0.972375
q_ind_171_pop_3,0.984498,0.988193,0.951922,0.999932
q_ind_172_pop_3,0.880384,0.880694,0.836793,0.920525
q_ind_173_pop_3,0.975112,0.976891,0.936852,0.999526
q_ind_174_pop_3,0.704579,0.703919,0.647819,0.766445
q_ind_175_pop_3,0.439895,0.437878,0.401825,0.489976
q_ind_176_pop_3,0.477852,0.478413,0.422662,0.530672
q_ind_177_pop_3,0.556397,0.556664,0.508567,0.604926
q_ind_178_pop_3,0.490377,0.488849,0.444937,0.541007
q_ind_179_pop_3,0.506635,0.506096,0.453925,0.561171
q_ind_180_pop_3,0.477413,0.481859,0.419021,0.541237
q_ind_181_pop_3,0.570427,0.569884,0.521277,0.618615
q_ind_182_pop_3,0.531430,0.532134,0.480723,0.579865
q_ind_183_pop_3,0.489622,0.492074,0.450355,0.532606
q_ind_184_pop_3,0.802960,0.804255,0.733573,0.867961
q_ind_185_pop_3,0.742760,0.742918,0.694828,0.787896
q_ind_186_pop_3,0.745117,0.745643,0.695484,0.791598
q_ind_187_pop_3,0.703420,0.704412,0.648907,0.754356
q_ind_188_pop_3,0.792003,0.792049,0.734327,0.850178
q_ind_189_pop_3,0.676033,0.675874,0.615780,0.736575
q_ind_190_pop_3,0.748072,0.748522,0.694730,0.800841
q_ind_191_pop_3,0.007552,0.001525,0.000000,0.047995
q_ind_192_pop_3,0.057033,0.058469,0.006320,0.103347
q_ind_193_pop_3,0.000502,0.000096,0.000000,0.003439
q_ind_194_pop_3,0.004117,0.001243,0.000000,0.023632
q_ind_195_pop_3,0.000564,0.000103,0.000000,0.003885
q_ind_196_pop_3,0.000739,0.000140,0.000000,0.004857
q_ind_197_pop_3,0.000565,0.000098,0.000000,0.004104
q_ind_198_pop_3,0.011537,0.003875,0.000000,0.056533
q_ind_199_pop_3,0.000815,0.000161,0.000000,0.005682
q_ind_200_pop_3,0.242198,0.241692,0.192801,0.293345
q_ind_201_pop_3,0.003183,0.000692,0.000000,0.022996
q_ind_202_pop_3,0.126421,0.127882,0.060328,0.199315
q_ind_203_pop_3,0.167521,0.167553,0.112920,0.224697
q_ind_204_pop_3,0.177957,0.177846,0.116152,0.238317
q_ind_205_pop_3,0.111696,0.111907,0.047539,0.170642
q_ind_206_pop_3,0.127220,0.126136,0.076346,0.182543
q_ind_207_pop_3,0.277723,0.275484,0.227970,0.348727
q_ind_208_pop_3,0.172949,0.172732,0.122954,0.224570
q_ind_209_pop_3,0.206470,0.206252,0.145029,0.268747
q_ind_210_pop_3,0.166129,0.166506,0.107077,0.228234
q_ind_211_pop_3,0.194721,0.195005,0.146477,0.241246
q_ind_212_pop_3,0.796251,0.795993,0.739131,0.855678
q_ind_213_pop_3,0.759121,0.757078,0.704071,0.828431
q_ind_214_pop_3,0.748324,0.748914,0.689586,0.801269
q_ind_215_pop_3,0.768872,0.768760,0.714547,0.823520
q_ind_216_pop_3,0.831327,0.831317,0.776302,0.887940
q_ind_217_pop_3,0.670769,0.670911,0.608794,0.729906
q_ind_218_pop_3,0.768865,0.769185,0.712175,0.826140
q_ind_219_pop_3,0.773996,0.774147,0.711615,0.835946
q_ind_220_pop_3,0.660027,0.659944,0.600241,0.722543
q_ind_221_pop_3,0.763270,0.763036,0.699258,0.828904
q_ind_222_pop_3,0.240113,0.240092,0.201224,0.278154
q_ind_223_pop_3,0.239341,0.238634,0.191913,0.294279
q_ind_224_pop_3,0.165428,0.164338,0.109808,0.223652
q_ind_225_pop_3,0.251678,0.253525,0.196464,0.296115
q_ind_226_pop_3,0.143978,0.143550,0.089007,0.199152
q_ind_227_pop_3,0.185675,0.185618,0.132208,0.239280
q_ind_228_pop_3,0.147867,0.150898,0.075804,0.214592
q_ind_229_pop_3,0.177374,0.175914,0.121971,0.243345
q_ind_230_pop_3,0.160464,0.157188,0.111815,0.222536
q_ind_231_pop_3,0.219604,0.219201,0.159251,0.282826
q_ind_232_pop_3,0.218187,0.217690,0.163185,0.274350
q_ind_233_pop_3,0.366508,0.366155,0.315267,0.420301
q_ind_234_pop_3,0.428185,0.428191,0.380052,0.477757
q_ind_235_pop_3,0.410952,0.410596,0.362882,0.459346
q_ind_236_pop_3,0.425962,0.426071,0.374431,0.477986
q_ind_237_pop_3,0.415720,0.415712,0.367555,0.463419
q_ind_238_pop_3,0.400540,0.400347,0.352568,0.446918
q_ind_239_pop_3,0.406074,0.406320,0.356453,0.451347
q_ind_240_pop_3,0.440690,0.441179,0.389319,0.489015
q_ind_241_pop_3,0.408890,0.408980,0.359032,0.458092
q_ind_242_pop_3,0.438365,0.438712,0.402628,0.471804
q_ind_243_pop_3,0.424859,0.424423,0.372645,0.476835
q_ind_244_pop_3,0.426325,0.426659,0.385342,0.464355
