param,mean,median,ci_0.950_LB,ci_0.950_UB
q_ind_0_pop_0,0.021118,0.003475,0.000000,0.078867
q_ind_1_pop_0,0.046350,0.047828,0.000000,0.106880
q_ind_2_pop_0,0.001682,0.000112,0.000000,0.012517
q_ind_3_pop_0,0.016460,0.013934,0.000000,0.049031
q_ind_4_pop_0,0.015478,0.006910,0.000000,0.062511
q_ind_5_pop_0,0.003820,0.000257,0.000000,0.029568
q_ind_6_pop_0,0.002488,0.000152,0.000000,0.018887
q_ind_7_pop_0,0.005303,0.000372,0.000000,0.036737
q_ind_8_pop_0,0.021565,0.015634,0.000000,0.065820
q_ind_9_pop_0,0.013624,0.001523,0.000000,0.068268
q_ind_10_pop_0,0.036025,0.035445,0.000000,0.084010
q_ind_11_pop_0,0.034734,0.035904,0.000000,0.074961
q_ind_12_pop_0,0.222451,0.222115,0.169758,0.277980
q_ind_13_pop_0,0.215791,0.214715,0.154430,0.280521
q_ind_14_pop_0,0.228322,0.228832,0.174024,0.280468
q_ind_15_pop_0,0.223614,0.222601,0.164710,0.285444
q_ind_16_pop_0,0.210398,0.210465,0.158613,0.263376
q_ind_17_pop_0,0.200706,0.201022,0.140178,0.259561
q_ind_18_pop_0,0.217899,0.217303,0.164993,0.272754
q_ind_19_pop_0,0.123285,0.123232,0.081106,0.170725
q_ind_20_pop_0,0.003285,0.000266,0.000000,0.023744
q_ind_21_pop_0,0.009508,0.005040,0.000000,0.037679
q_ind_22_pop_0,0.011998,0.007841,0.000000,0.045869
q_ind_23_pop_0,0.022702,0.017132,0.000000,0.072992
q_ind_24_pop_0,0.031348,0.031057,0.000000,0.074537
q_ind_25_pop_0,0.004758,0.000692,0.000000,0.023443
q_ind_26_pop_0,0.003071,0.000234,0.000000,0.022442
q_ind_27_pop_0,0.007742,0.001185,0.000000,0.043298
q_ind_28_pop_0,0.010757,0.006865,0.000000,0.040821
q_ind_29_pop_0,0.035526,0.034904,0.000000,0.082451
q_ind_30_pop_0,0.497077,0.498353,0.486571,0.500793
q_ind_31_pop_0,0.499840,0.498553,0.479386,0.539633
q_ind_32_pop_0,0.491801,0.493797,0.471405,0.501488
q_ind_33_pop_0,0.501546,0.499535,0.489724,0.529620
q_ind_34_pop_0,0.499431,0.498973,0.486251,0.522718
q_ind_35_pop_0,0.501048,0.499696,0.494661,0.521874
q_ind_36_pop_0,0.497202,0.497411,0.479774,0.520968
q_ind_37_pop_0,0.499133,0.499525,0.494062,0.503151
q_ind_38_pop_0,0.344166,0.342785,0.303284,0.393764
q_ind_39_pop_0,0.457776,0.458154,0.416487,0.496238
q_ind_40_pop_0,0.430822,0.430363,0.398001,0.466365
q_ind_41_pop_0,0.001455,0.000102,0.000000,0.012225
q_ind_42_pop_0,0.004288,0.000740,0.000000,0.025318
q_ind_43_pop_0,0.001575,0.000101,0.000000,0.012319
q_ind_44_pop_0,0.001728,0.000112,0.000000,0.013265
q_ind_45_pop_0,0.002131,0.000112,0.000000,0.016476
q_ind_46_pop_0,0.014288,0.009808,0.000000,0.049486
q_ind_47_pop_0,0.001981,0.000134,0.000000,0.016644
q_ind_48_pop_0,0.001721,0.000115,0.000000,0.014043
q_ind_49_pop_0,0.001982,0.000124,0.000000,0.016248
q_ind_50_pop_0,0.167925,0.168005,0.119277,0.216050
q_ind_51_pop_0,0.187885,0.185819,0.134681,0.242980
q_ind_52_pop_0,0.188685,0.188089,0.138570,0.240851
q_ind_53_pop_0,0.168087,0.167930,0.123073,0.219004
q_ind_54_pop_0,0.149898,0.148338,0.101410,0.204209
q_ind_55_pop_0,0.155963,0.154707,0.110955,0.206753
q_ind_56_pop_0,0.179689,0.178514,0.131270,0.233512
q_ind_57_pop_0,0.145464,0.144652,0.101999,0.190595
q_ind_58_pop_0,0.151887,0.150499,0.104956,0.203471
q_ind_59_pop_0,0.149682,0.149806,0.095845,0.201508
q_ind_60_pop_0,0.154403,0.153053,0.103676,0.212141
q_ind_61_pop_0,0.156165,0.155426,0.110710,0.201902
q_ind_62_pop_0,0.000714,0.000041,0.000000,0.006075
q_ind_63_pop_0,0.000672,0.000031,0.000000,0.005844
q_ind_64_pop_0,0.000744,0.000046,0.000000,0.006003
q_ind_65_pop_0,0.000607,0.000034,0.000000,0.005132
q_ind_66_pop_0,0.001178,0.000089,0.000000,0.008912
q_ind_67_pop_0,0.005682,0.001623,0.000000,0.027211
q_ind_68_pop_0,0.001922,0.000110,0.000000,0.016028
q_ind_69_pop_0,0.003139,0.000120,0.000000,0.030073
q_ind_70_pop_0,0.003504,0.000344,0.000000,0.023512
q_ind_71_pop_0,0.016068,0.011596,0.000000,0.054031
q_ind_72_pop_0,0.002973,0.000230,0.000000,0.023266
q_ind_73_pop_0,0.033758,0.033312,0.000001,0.077497
q_ind_74_pop_0,0.003765,0.000316,0.000000,0.025133
q_ind_75_pop_0,0.003862,0.000402,0.000000,0.027721
q_ind_76_pop_0,0.003289,0.000457,0.000000,0.020795
q_ind_77_pop_0,0.001053,0.000057,0.000000,0.008675
q_ind_78_pop_0,0.001387,0.000083,0.000000,0.010604
q_ind_79_pop_0,0.001039,0.000073,0.000000,0.008188
q_ind_80_pop_0,0.005621,0.001018,0.000000,0.031970
q_ind_81_pop_0,0.001783,0.000104,0.000000,0.013947
q_ind_82_pop_0,0.002397,0.000202,0.000000,0.018481
q_ind_83_pop_0,0.001087,0.000066,0.000000,0.008810
q_ind_84_pop_0,0.001519,0.000092,0.000000,0.011964
q_ind_85_pop_0,0.000855,0.000058,0.000000,0.006156
q_ind_86_pop_0,0.002320,0.000138,0.000000,0.017023
q_ind_87_pop_0,0.212756,0.211917,0.147003,0.284543
q_ind_88_pop_0,0.203100,0.199623,0.154659,0.266098
q_ind_89_pop_0,0.231996,0.230726,0.175150,0.292340
q_ind_90_pop_0,0.207250,0.206488,0.155312,0.264770
q_ind_91_pop_0,0.210919,0.213593,0.153814,0.260188
q_ind_92_pop_0,0.206647,0.205788,0.144172,0.272611
q_ind_93_pop_0,0.130425,0.127670,0.075842,0.193665
q_ind_94_pop_0,0.191332,0.189549,0.134914,0.257554
q_ind_95_pop_0,0.001307,0.000097,0.000000,0.009772
q_ind_96_pop_0,0.013186,0.009204,0.000000,0.045488
q_ind_97_pop_0,0.044736,0.044810,0.003438,0.079579
q_ind_98_pop_0,0.041464,0.042606,0.000002,0.085019
q_ind_99_pop_0,0.000858,0.000056,0.000000,0.006763
q_ind_100_pop_0,0.000637,0.000042,0.000000,0.005294
q_ind_101_pop_0,0.000865,0.000061,0.000000,0.006500
q_ind_102_pop_0,0.000983,0.000066,0.000000,0.007568
q_ind_103_pop_0,0.000407,0.000024,0.000000,0.003117
q_ind_104_pop_0,0.057673,0.058231,0.019722,0.092541
q_ind_105_pop_0,0.032539,0.031651,0.005711,0.064717
q_ind_106_pop_0,0.076227,0.077745,0.012371,0.131480
q_ind_107_pop_0,0.042832,0.044365,0.000000,0.090869
q_ind_108_pop_0,0.042271,0.042316,0.000001,0.093662
q_ind_109_pop_0,0.006970,0.000895,0.000000,0.040693
q_ind_110_pop_0,0.058352,0.059799,0.003399,0.104135
q_ind_111_pop_0,0.124392,0.123039,0.062003,0.188288
q_ind_112_pop_0,0.058349,0.058825,0.000008,0.114722
q_ind_113_pop_0,0.061421,0.061851,0.000081,0.122185
q_ind_114_pop_0,0.056017,0.055445,0.014040,0.101102
q_ind_115_pop_0,0.026354,0.024004,0.000000,0.068381
q_ind_116_pop_0,0.019056,0.017093,0.000000,0.052830
q_ind_117_pop_0,0.033174,0.034840,0.000001,0.068136
q_ind_118_pop_0,0.001352,0.000077,0.000000,0.011387
q_ind_119_pop_0,0.007101,0.001626,0.000000,0.035171
q_ind_120_pop_0,0.021156,0.018825,0.000000,0.060387
q_ind_121_pop_0,0.001437,0.000108,0.000000,0.011076
q_ind_122_pop_0,0.004752,0.001486,0.000000,0.023353
q_ind_123_pop_0,0.083353,0.083605,0.038363,0.129074
q_ind_124_pop_0,0.007940,0.001277,0.000000,0.050834
q_ind_125_pop_0,0.095446,0.096058,0.052455,0.134201
q_ind_126_pop_0,0.027233,0.023901,0.000000,0.076808
q_ind_127_pop_0,0.061449,0.061625,0.025339,0.095810
q_ind_128_pop_0,0.007385,0.000722,0.000000,0.049106
q_ind_129_pop_0,0.024791,0.017925,0.000000,0.081470
q_ind_130_pop_0,0.075908,0.075285,0.035429,0.119045
q_ind_131_pop_0,0.076219,0.076509,0.034539,0.114096
q_ind_132_pop_0,0.014511,0.008779,0.000000,0.054542
q_ind_133_pop_0,0.005721,0.000817,0.000000,0.034097
q_ind_134_pop_0,0.012406,0.004270,0.000000,0.048747
q_ind_135_pop_0,0.003516,0.000327,0.000000,0.023327
q_ind_136_pop_0,0.005626,0.001202,0.000000,0.030975
q_ind_137_pop_0,0.097884,0.097914,0.054367,0.141631
q_ind_138_pop_0,0.025864,0.024987,0.000000,0.070790
q_ind_139_pop_0,0.038005,0.039692,0.000254,0.066191
q_ind_140_pop_0,0.009807,0.003808,0.000000,0.042814
q_ind_141_pop_0,0.150849,0.147712,0.104850,0.210130
q_ind_142_pop_0,0.045964,0.046766,0.005462,0.074136
q_ind_143_pop_0,0.019590,0.018822,0.000000,0.051753
q_ind_144_pop_0,0.001051,0.000070,0.000000,0.008114
q_ind_145_pop_0,0.006769,0.002098,0.000000,0.034060
q_ind_146_pop_0,0.003431,0.000554,0.000000,0.021830
q_ind_147_pop_0,0.001160,0.000085,0.000000,0.009083
q_ind_148_pop_0,0.000997,0.000040,0.000000,0.007846
q_ind_149_pop_0,0.001133,0.000098,0.000000,0.008450
q_ind_150_pop_0,0.019129,0.018437,0.000013,0.043349
q_ind_151_pop_0,0.001157,0.000096,0.000000,0.008078
q_ind_152_pop_0,0.001501,0.000161,0.000000,0.010283
q_ind_153_pop_0,0.002966,0.000531,0.000000,0.016022
q_ind_154_pop_0,0.071913,0.071854,0.037488,0.106259
q_ind_155_pop_0,0.016838,0.011900,0.000000,0.061909
q_ind_156_pop_0,0.001556,0.000130,0.000000,0.011411
q_ind_157_pop_0,0.032775,0.035235,0.000000,0.075158
q_ind_158_pop_0,0.001828,0.000108,0.000000,0.014770
q_ind_159_pop_0,0.000806,0.000054,0.000000,0.006165
q_ind_160_pop_0,0.000771,0.000047,0.000000,0.006272
q_ind_161_pop_0,0.004275,0.000499,0.000000,0.025905
q_ind_162_pop_0,0.000835,0.000044,0.000000,0.006636
q_ind_163_pop_0,0.004218,0.000359,0.000000,0.030718
q_ind_164_pop_0,0.064903,0.064886,0.038667,0.092135
q_ind_165_pop_0,0.131762,0.131885,0.085262,0.176695
q_ind_166_pop_0,0.054510,0.058117,0.000001,0.109828
q_ind_167_pop_0,0.070956,0.070574,0.029313,0.114721
q_ind_168_pop_0,0.018018,0.012383,0.000000,0.064800
q_ind_169_pop_0,0.001683,0.000120,0.000000,0.012433
q_ind_170_pop_0,0.003020,0.000274,0.000000,0.020854
q_ind_171_pop_0,0.001362,0.000070,0.000000,0.011909
q_ind_172_pop_0,0.002022,0.000111,0.000000,0.016322
q_ind_173_pop_0,0.001796,0.000131,0.000000,0.013237
q_ind_174_pop_0,0.052145,0.057312,0.000000,0.110061
q_ind_175_pop_0,0.002384,0.000154,0.000000,0.017996
q_ind_176_pop_0,0.000975,0.000060,0.000000,0.007980
q_ind_177_pop_0,0.001328,0.000095,0.000000,0.010019
q_ind_178_pop_0,0.000923,0.000059,0.000000,0.007712
q_ind_179_pop_0,0.002094,0.000155,0.000000,0.016699
q_ind_180_pop_0,0.008175,0.001982,0.000000,0.042812
q_ind_181_pop_0,0.001963,0.000142,0.000000,0.014747
q_ind_182_pop_0,0.001379,0.000062,0.000000,0.012474
q_ind_183_pop_0,0.002428,0.000181,0.000000,0.018317
q_ind_184_pop_0,0.055452,0.055991,0.000808,0.113680
q_ind_185_pop_0,0.027231,0.026518,0.000000,0.073982
q_ind_186_pop_0,0.042577,0.042538,0.000001,0.094608
q_ind_187_pop_0,0.029784,0.030029,0.000000,0.076496
q_ind_188_pop_0,0.002907,0.000253,0.000000,0.020194
q_ind_189_pop_0,0.049955,0.052206,0.000024,0.097165
q_ind_190_pop_0,0.018626,0.011831,0.000000,0.072764
q_ind_191_pop_0,0.045764,0.047337,0.000003,0.088466
q_ind_192_pop_0,0.018240,0.015319,0.000000,0.053980
q_ind_193_pop_0,0.000223,0.000012,0.000000,0.001763
q_ind_194_pop_0,0.004878,0.000493,0.000000,0.032020
q_ind_195_pop_0,0.000204,0.000010,0.000000,0.001726
q_ind_196_pop_0,0.000197,0.000010,0.000000,0.001619
q_ind_197_pop_0,0.000278,0.000013,0.000000,0.002252
q_ind_198_pop_0,0.004540,0.000288,0.000000,0.034935
q_ind_199_pop_0,0.000299,0.000013,0.000000,0.002400
q_ind_200_pop_0,0.060971,0.060563,0.035164,0.088127
q_ind_201_pop_0,0.005356,0.000666,0.000000,0.032103
q_ind_202_pop_0,0.200970,0.200370,0.154385,0.250723
q_ind_203_pop_0,0.212346,0.212291,0.165400,0.258974
q_ind_204_pop_0,0.207505,0.208427,0.157768,0.251522
q_ind_205_pop_0,0.182992,0.183567,0.139860,0.223990
q_ind_206_pop_0,0.229752,0.230112,0.182868,0.275370
q_ind_207_pop_0,0.081312,0.081172,0.042777,0.122580
q_ind_208_pop_0,0.207899,0.208109,0.163446,0.253069
q_ind_209_pop_0,0.166033,0.166619,0.111067,0.216175
q_ind_210_pop_0,0.212495,0.211770,0.167134,0.262268
q_ind_211_pop_0,0.157842,0.158473,0.113690,0.199613
q_ind_212_pop_0,0.190624,0.189856,0.139211,0.245226
q_ind_213_pop_0,0.189843,0.189177,0.138022,0.241793
q_ind_214_pop_0,0.155278,0.154888,0.105110,0.209858
q_ind_215_pop_0,0.143695,0.144537,0.084219,0.208247
q_ind_216_pop_0,0.203534,0.203245,0.154147,0.257342
q_ind_217_pop_0,0.168821,0.168058,0.115095,0.226108
q_ind_218_pop_0,0.174675,0.172669,0.122187,0.233582
q_ind_219_pop_0,0.147986,0.148008,0.094614,0.203549
q_ind_220_pop_0,0.160169,0.160036,0.106755,0.213081
q_ind_221_pop_0,0.177573,0.177024,0.129429,0.230832
q_ind_222_pop_0,0.004061,0.000203,0.000000,0.030987
q_ind_223_pop_0,0.037304,0.037365,0.000016,0.079687
q_ind_224_pop_0,0.001151,0.000087,0.000000,0.009393
q_ind_225_pop_0,0.001183,0.000058,0.000000,0.009951
q_ind_226_pop_0,0.001711,0.000106,0.000000,0.013810
q_ind_227_pop_0,0.001192,0.000088,0.000000,0.008612
q_ind_228_pop_0,0.002528,0.000200,0.000000,0.019166
q_ind_229_pop_0,0.003152,0.000285,0.000000,0.021898
q_ind_230_pop_0,0.001482,0.000115,0.000000,0.011185
q_ind_231_pop_0,0.006985,0.002572,0.000000,0.031464
q_ind_232_pop_0,0.001605,0.000100,0.000000,0.012621
q_ind_233_pop_0,0.001338,0.000110,0.000000,0.009729
q_ind_234_pop_0,0.014947,0.006933,0.000000,0.057938
q_ind_235_pop_0,0.001492,0.000103,0.000000,0.012442
q_ind_236_pop_0,0.001404,0.000071,0.000000,0.012295
q_ind_237_pop_0,0.007346,0.000435,0.000000,0.044053
q_ind_238_pop_0,0.001697,0.000109,0.000000,0.012840
q_ind_239_pop_0,0.005053,0.000624,0.000000,0.033984
q_ind_240_pop_0,0.002199,0.000138,0.000000,0.018655
q_ind_241_pop_0,0.002967,0.000426,0.000000,0.017608
q_ind_242_pop_0,0.056286,0.058089,0.000018,0.104774
q_ind_243_pop_0,0.000998,0.000077,0.000000,0.007642
q_ind_244_pop_0,0.040056,0.043110,0.000000,0.089641
q_ind_0_pop_1,0.001747,0.000083,0.000000,0.014617
q_ind_1_pop_1,0.000984,0.000070,0.000000,0.007411
q_ind_2_pop_1,0.002480,0.000164,0.000000,0.017790
q_ind_3_pop_1,0.003379,0.000285,0.000000,0.025277
q_ind_4_pop_1,0.001321,0.000074,0.000000,0.011926
q_ind_5_pop_1,0.000853,0.000052,0.000000,0.006753
q_ind_6_pop_1,0.001508,0.000099,0.000000,0.012574
q_ind_7_pop_1,0.001438,0.000099,0.000000,0.011434
q_ind_8_pop_1,0.001144,0.000074,0.000000,0.009511
q_ind_9_pop_1,0.000803,0.000050,0.000000,0.006207
q_ind_10_pop_1,0.002187,0.000139,0.000000,0.016339
q_ind_11_pop_1,0.001839,0.000118,0.000000,0.014414
q_ind_12_pop_1,0.048573,0.050560,0.000048,0.091047
q_ind_13_pop_1,0.061591,0.061661,0.017400,0.108671
q_ind_14_pop_1,0.063285,0.062331,0.025290,0.109048
q_ind_15_pop_1,0.028508,0.030027,0.000000,0.060591
q_ind_16_pop_1,0.080615,0.080558,0.043152,0.119069
q_ind_17_pop_1,0.046058,0.045590,0.009295,0.082664
q_ind_18_pop_1,0.059818,0.059434,0.019367,0.101134
q_ind_19_pop_1,0.046336,0.047259,0.000059,0.078964
q_ind_20_pop_1,0.003799,0.000208,0.000000,0.029757
q_ind_21_pop_1,0.006061,0.001130,0.000000,0.032190
q_ind_22_pop_1,0.001341,0.000080,0.000000,0.010628
q_ind_23_pop_1,0.010435,0.001101,0.000000,0.059054
q_ind_24_pop_1,0.003169,0.000185,0.000000,0.026401
q_ind_25_pop_1,0.002247,0.000146,0.000000,0.017536
q_ind_26_pop_1,0.018440,0.015436,0.000000,0.061974
q_ind_27_pop_1,0.002691,0.000279,0.000000,0.019131
q_ind_28_pop_1,0.004620,0.000531,0.000000,0.028943
q_ind_29_pop_1,0.009142,0.003463,0.000000,0.038856
q_ind_30_pop_1,0.001360,0.000084,0.000000,0.010641
q_ind_31_pop_1,0.001218,0.000078,0.000000,0.010237
q_ind_32_pop_1,0.002041,0.000158,0.000000,0.013873
q_ind_33_pop_1,0.000887,0.000043,0.000000,0.007399
q_ind_34_pop_1,0.001063,0.000071,0.000000,0.008152
q_ind_35_pop_1,0.000645,0.000035,0.000000,0.004952
q_ind_36_pop_1,0.003535,0.000612,0.000000,0.020803
q_ind_37_pop_1,0.000528,0.000025,0.000000,0.004232
q_ind_38_pop_1,0.075850,0.074822,0.048546,0.111210
q_ind_39_pop_1,0.029474,0.028637,0.000000,0.069986
q_ind_40_pop_1,0.002583,0.000189,0.000000,0.020926
q_ind_41_pop_1,0.681947,0.681503,0.632420,0.730771
q_ind_42_pop_1,0.667671,0.668189,0.618524,0.713888
q_ind_43_pop_1,0.673817,0.673109,0.624516,0.723902
q_ind_44_pop_1,0.653522,0.653834,0.600431,0.705707
q_ind_45_pop_1,0.677021,0.677273,0.628283,0.726555
q_ind_46_pop_1,0.636592,0.636391,0.581393,0.691309
q_ind_47_pop_1,0.666052,0.666387,0.611171,0.717901
q_ind_48_pop_1,0.628597,0.629044,0.577459,0.679488
q_ind_49_pop_1,0.651663,0.651440,0.602313,0.699976
q_ind_50_pop_1,0.311786,0.312878,0.262947,0.358847
q_ind_51_pop_1,0.271887,0.272225,0.224520,0.316222
q_ind_52_pop_1,0.236704,0.236457,0.195083,0.281617
q_ind_53_pop_1,0.265865,0.266223,0.217492,0.311871
q_ind_54_pop_1,0.289926,0.290587,0.246238,0.335524
q_ind_55_pop_1,0.289944,0.289930,0.242226,0.335954
q_ind_56_pop_1,0.173338,0.168505,0.122613,0.239536
q_ind_57_pop_1,0.284168,0.284447,0.239376,0.328149
q_ind_58_pop_1,0.245981,0.246124,0.196844,0.293510
q_ind_59_pop_1,0.301006,0.301413,0.257164,0.344481
q_ind_60_pop_1,0.264514,0.263126,0.217361,0.317203
q_ind_61_pop_1,0.246942,0.246252,0.199014,0.295851
q_ind_62_pop_1,0.000329,0.000020,0.000000,0.002722
q_ind_63_pop_1,0.000324,0.000021,0.000000,0.002598
q_ind_64_pop_1,0.000472,0.000029,0.000000,0.003835
q_ind_65_pop_1,0.000775,0.000045,0.000000,0.006385
q_ind_66_pop_1,0.000500,0.000026,0.000000,0.004000
q_ind_67_pop_1,0.783033,0.783327,0.735985,0.829572
q_ind_68_pop_1,0.605400,0.605792,0.555300,0.652735
q_ind_69_pop_1,0.602790,0.602421,0.557064,0.648893
q_ind_70_pop_1,0.766658,0.767109,0.715882,0.817113
q_ind_71_pop_1,0.726165,0.726853,0.675080,0.774444
q_ind_72_pop_1,0.782111,0.782282,0.730376,0.830857
q_ind_73_pop_1,0.592887,0.592726,0.543840,0.644329
q_ind_74_pop_1,0.495366,0.497994,0.475331,0.501455
q_ind_75_pop_1,0.812585,0.813696,0.759674,0.861954
q_ind_76_pop_1,0.002130,0.000144,0.000000,0.017477
q_ind_77_pop_1,0.000961,0.000059,0.000000,0.007684
q_ind_78_pop_1,0.001431,0.000086,0.000000,0.011143
q_ind_79_pop_1,0.001705,0.000130,0.000000,0.013149
q_ind_80_pop_1,0.002146,0.000182,0.000000,0.015138
q_ind_81_pop_1,0.001047,0.000063,0.000000,0.008389
q_ind_82_pop_1,0.002980,0.000377,0.000000,0.018993
q_ind_83_pop_1,0.000976,0.000056,0.000000,0.008505
q_ind_84_pop_1,0.001184,0.000067,0.000000,0.009748
q_ind_85_pop_1,0.003065,0.000274,0.000000,0.019907
q_ind_86_pop_1,0.001096,0.000058,0.000000,0.008374
q_ind_87_pop_1,0.014948,0.002628,0.000000,0.070671
q_ind_88_pop_1,0.003480,0.000285,0.000000,0.025505
q_ind_89_pop_1,0.012438,0.001590,0.000000,0.066749
q_ind_90_pop_1,0.030968,0.031202,0.000000,0.073556
q_ind_91_pop_1,0.029879,0.024730,0.000000,0.083830
q_ind_92_pop_1,0.036494,0.033964,0.000000,0.090985
q_ind_93_pop_1,0.120674,0.120078,0.079264,0.165549
q_ind_94_pop_1,0.016666,0.010672,0.000000,0.061423
q_ind_95_pop_1,0.007596,0.004105,0.000000,0.032149
q_ind_96_pop_1,0.005450,0.001700,0.000000,0.025310
q_ind_97_pop_1,0.003495,0.000340,0.000000,0.021051
q_ind_98_pop_1,0.002330,0.000272,0.000000,0.015533
q_ind_99_pop_1,0.001050,0.000068,0.000000,0.008251
q_ind_100_pop_1,0.000490,0.000031,0.000000,0.003906
q_ind_101_pop_1,0.000409,0.000022,0.000000,0.003364
q_ind_102_pop_1,0.001205,0.000098,0.000000,0.008754
q_ind_103_pop_1,0.000436,0.000028,0.000000,0.003371
q_ind_104_pop_1,0.027699,0.026418,0.000001,0.067400
q_ind_105_pop_1,0.020005,0.017561,0.000000,0.058051
q_ind_106_pop_1,0.363267,0.365114,0.301932,0.415182
q_ind_107_pop_1,0.300457,0.300661,0.245305,0.354767
q_ind_108_pop_1,0.380779,0.381303,0.311495,0.443776
q_ind_109_pop_1,0.356827,0.357335,0.304551,0.406834
q_ind_110_pop_1,0.358661,0.359093,0.303908,0.411038
q_ind_111_pop_1,0.237554,0.236810,0.175410,0.299304
q_ind_112_pop_1,0.297966,0.297900,0.234300,0.359059
q_ind_113_pop_1,0.307753,0.307431,0.238750,0.379634
q_ind_114_pop_1,0.057311,0.056574,0.014011,0.104165
q_ind_115_pop_1,0.010010,0.002537,0.000000,0.050890
q_ind_116_pop_1,0.009411,0.004897,0.000000,0.036790
q_ind_117_pop_1,0.048121,0.045510,0.013690,0.093637
q_ind_118_pop_1,0.014242,0.009816,0.000000,0.053006
q_ind_119_pop_1,0.002864,0.000209,0.000000,0.022526
q_ind_120_pop_1,0.008039,0.003509,0.000000,0.033746
q_ind_121_pop_1,0.002649,0.000363,0.000000,0.017820
q_ind_122_pop_1,0.003331,0.000364,0.000000,0.021512
q_ind_123_pop_1,0.079419,0.079639,0.037364,0.122758
q_ind_124_pop_1,0.001614,0.000095,0.000000,0.012361
q_ind_125_pop_1,0.005970,0.000835,0.000000,0.038974
q_ind_126_pop_1,0.001380,0.000079,0.000000,0.012623
q_ind_127_pop_1,0.002498,0.000205,0.000000,0.019797
q_ind_128_pop_1,0.001324,0.000076,0.000000,0.010130
q_ind_129_pop_1,0.002705,0.000236,0.000000,0.020492
q_ind_130_pop_1,0.001457,0.000083,0.000000,0.010908
q_ind_131_pop_1,0.010042,0.002673,0.000000,0.047162
q_ind_132_pop_1,0.040404,0.038657,0.000001,0.092112
q_ind_133_pop_1,0.040449,0.038852,0.001508,0.086956
q_ind_134_pop_1,0.038118,0.038060,0.000038,0.077431
q_ind_135_pop_1,0.025620,0.022867,0.000000,0.076748
q_ind_136_pop_1,0.061141,0.059713,0.021380,0.109133
q_ind_137_pop_1,0.082573,0.082715,0.041909,0.124694
q_ind_138_pop_1,0.093616,0.093043,0.043469,0.145582
q_ind_139_pop_1,0.020852,0.014616,0.000000,0.079671
q_ind_140_pop_1,0.078371,0.078060,0.036573,0.120896
q_ind_141_pop_1,0.140486,0.139122,0.100117,0.185979
q_ind_142_pop_1,0.052292,0.051327,0.015782,0.094572
q_ind_143_pop_1,0.050586,0.049091,0.012176,0.096696
q_ind_144_pop_1,0.000471,0.000028,0.000000,0.003627
q_ind_145_pop_1,0.001081,0.000071,0.000000,0.008438
q_ind_146_pop_1,0.000669,0.000035,0.000000,0.005130
q_ind_147_pop_1,0.004505,0.000521,0.000000,0.025683
q_ind_148_pop_1,0.041529,0.041654,0.003474,0.070823
q_ind_149_pop_1,0.000955,0.000060,0.000000,0.007550
q_ind_150_pop_1,0.002086,0.000249,0.000000,0.012819
q_ind_151_pop_1,0.000763,0.000048,0.000000,0.005582
q_ind_152_pop_1,0.000810,0.000060,0.000000,0.006029
q_ind_153_pop_1,0.001009,0.000062,0.000000,0.008145
q_ind_154_pop_1,0.010716,0.005185,0.000000,0.048055
q_ind_155_pop_1,0.000861,0.000047,0.000000,0.007290
q_ind_156_pop_1,0.001194,0.000078,0.000000,0.008877
q_ind_157_pop_1,0.000740,0.000043,0.000000,0.005820
q_ind_158_pop_1,0.000741,0.000039,0.000000,0.005973
q_ind_159_pop_1,0.000928,0.000061,0.000000,0.007154
q_ind_160_pop_1,0.000626,0.000043,0.000000,0.005111
q_ind_161_pop_1,0.001001,0.000075,0.000000,0.007838
q_ind_162_pop_1,0.000577,0.000028,0.000000,0.004748
q_ind_163_pop_1,0.000909,0.000072,0.000000,0.006892
q_ind_164_pop_1,0.092570,0.091607,0.049209,0.139789
q_ind_165_pop_1,0.065425,0.065274,0.034590,0.096045
q_ind_166_pop_1,0.087539,0.088547,0.047768,0.121792
q_ind_167_pop_1,0.237512,0.240920,0.156357,0.292151
q_ind_168_pop_1,0.073488,0.073781,0.036071,0.111467
q_ind_169_pop_1,0.002293,0.000149,0.000000,0.018438
q_ind_170_pop_1,0.005030,0.000567,0.000000,0.028711
q_ind_171_pop_1,0.014296,0.009517,0.000000,0.053005
q_ind_172_pop_1,0.013708,0.005078,0.000000,0.065186
q_ind_173_pop_1,0.002080,0.000154,0.000000,0.015370
q_ind_174_pop_1,0.097141,0.098311,0.039519,0.146943
q_ind_175_pop_1,0.045475,0.045678,0.003641,0.085105
q_ind_176_pop_1,0.000821,0.000051,0.000000,0.006602
q_ind_177_pop_1,0.000596,0.000036,0.000000,0.004632
q_ind_178_pop_1,0.000593,0.000038,0.000000,0.004679
q_ind_179_pop_1,0.000701,0.000030,0.000000,0.006313
q_ind_180_pop_1,0.022901,0.018948,0.000000,0.071216
q_ind_181_pop_1,0.000908,0.000055,0.000000,0.007452
q_ind_182_pop_1,0.000692,0.000037,0.000000,0.005597
q_ind_183_pop_1,0.020401,0.017524,0.000000,0.064281
q_ind_184_pop_1,0.467063,0.466343,0.429589,0.507669
q_ind_185_pop_1,0.503483,0.503422,0.448957,0.558064
q_ind_186_pop_1,0.509468,0.509549,0.453461,0.562708
q_ind_187_pop_1,0.552949,0.553549,0.499360,0.603440
q_ind_188_pop_1,0.537183,0.537601,0.477384,0.596786
q_ind_189_pop_1,0.459485,0.459134,0.413740,0.499329
q_ind_190_pop_1,0.536748,0.535861,0.474997,0.597866
q_ind_191_pop_1,0.003140,0.000114,0.000000,0.025554
q_ind_192_pop_1,0.001744,0.000162,0.000000,0.012616
q_ind_193_pop_1,0.000195,0.000011,0.000000,0.001573
q_ind_194_pop_1,0.001060,0.000052,0.000000,0.008692
q_ind_195_pop_1,0.000204,0.000013,0.000000,0.001702
q_ind_196_pop_1,0.000203,0.000011,0.000000,0.001590
q_ind_197_pop_1,0.000195,0.000012,0.000000,0.001548
q_ind_198_pop_1,0.000655,0.000033,0.000000,0.005613
q_ind_199_pop_1,0.000272,0.000014,0.000000,0.002213
q_ind_200_pop_1,0.407308,0.407207,0.363770,0.447217
q_ind_201_pop_1,0.000685,0.000036,0.000000,0.005271
q_ind_202_pop_1,0.002487,0.000210,0.000000,0.016683
q_ind_203_pop_1,0.002236,0.000215,0.000000,0.015412
q_ind_204_pop_1,0.003077,0.000260,0.000000,0.021382
q_ind_205_pop_1,0.001873,0.000127,0.000000,0.013727
q_ind_206_pop_1,0.003819,0.000456,0.000000,0.022430
q_ind_207_pop_1,0.158142,0.158295,0.115058,0.201539
q_ind_208_pop_1,0.006309,0.000791,0.000000,0.033303
q_ind_209_pop_1,0.161639,0.161448,0.121297,0.203582
q_ind_210_pop_1,0.008357,0.004252,0.000000,0.033055
q_ind_211_pop_1,0.177096,0.178021,0.128740,0.220655
q_ind_212_pop_1,0.050930,0.049209,0.000011,0.108113
q_ind_213_pop_1,0.043030,0.040695,0.000066,0.094260
q_ind_214_pop_1,0.049015,0.047928,0.021733,0.083708
q_ind_215_pop_1,0.087111,0.085229,0.042585,0.139346
q_ind_216_pop_1,0.079745,0.080414,0.023952,0.129077
q_ind_217_pop_1,0.056712,0.056616,0.002385,0.106850
q_ind_218_pop_1,0.060864,0.064748,0.000015,0.113270
q_ind_219_pop_1,0.034908,0.034748,0.000002,0.083085
q_ind_220_pop_1,0.050270,0.052306,0.000015,0.103384
q_ind_221_pop_1,0.062088,0.066462,0.000114,0.108669
q_ind_222_pop_1,0.335469,0.335950,0.287100,0.381358
q_ind_223_pop_1,0.150661,0.149485,0.117836,0.191715
q_ind_224_pop_1,0.292383,0.292623,0.248947,0.334832
q_ind_225_pop_1,0.280932,0.280974,0.232561,0.329439
q_ind_226_pop_1,0.292824,0.292084,0.242124,0.344786
q_ind_227_pop_1,0.269446,0.269283,0.222152,0.316703
q_ind_228_pop_1,0.305781,0.306005,0.258800,0.352681
q_ind_229_pop_1,0.263680,0.263196,0.217606,0.310429
q_ind_230_pop_1,0.297225,0.298596,0.247892,0.341381
q_ind_231_pop_1,0.302056,0.302450,0.258702,0.343441
q_ind_232_pop_1,0.253122,0.252510,0.207426,0.300376
q_ind_233_pop_1,0.906293,0.907084,0.868618,0.940256
q_ind_234_pop_1,0.878210,0.879081,0.829841,0.921243
q_ind_235_pop_1,0.888417,0.889372,0.839248,0.931565
q_ind_236_pop_1,0.915009,0.915521,0.878895,0.948858
q_ind_237_pop_1,0.870533,0.871440,0.819926,0.918697
q_ind_238_pop_1,0.895022,0.896026,0.853589,0.931614
q_ind_239_pop_1,0.746806,0.746364,0.697799,0.797483
q_ind_240_pop_1,0.768712,0.768767,0.721255,0.816769
q_ind_241_pop_1,0.855483,0.856020,0.806573,0.900349
q_ind_242_pop_1,0.649823,0.649186,0.597871,0.704273
q_ind_243_pop_1,0.888856,0.890524,0.837197,0.931790
q_ind_244_pop_1,0.660779,0.661172,0.608352,0.711886
q_ind_0_pop_2,0.089538,0.090123,0.052964,0.125085
q_ind_1_pop_2,0.066125,0.063996,0.031118,0.111635
q_ind_2_pop_2,0.058425,0.059294,0.020877,0.091578
q_ind_3_pop_2,0.031019,0.032255,0.000000,0.065906
q_ind_4_pop_2,0.092348,0.091830,0.063093,0.123583
q_ind_5_pop_2,0.073265,0.073092,0.045212,0.102547
q_ind_6_pop_2,0.023158,0.022090,0.001512,0.051325
q_ind_7_pop_2,0.075944,0.075154,0.045134,0.110526
q_ind_8_pop_2,0.079682,0.079541,0.040678,0.118197
q_ind_9_pop_2,0.054352,0.054220,0.033319,0.076872
q_ind_10_pop_2,0.031770,0.031330,0.001304,0.064151
q_ind_11_pop_2,0.057957,0.056212,0.026140,0.096270
q_ind_12_pop_2,0.002755,0.000279,0.000000,0.017463
q_ind_13_pop_2,0.055103,0.054686,0.030090,0.082829
q_ind_14_pop_2,0.038416,0.037993,0.013904,0.065662
q_ind_15_pop_2,0.034470,0.034048,0.009518,0.061060
q_ind_16_pop_2,0.015997,0.013472,0.000000,0.047789
q_ind_17_pop_2,0.002356,0.000172,0.000000,0.018138
q_ind_18_pop_2,0.029862,0.030610,0.000002,0.061215
q_ind_19_pop_2,0.048062,0.047864,0.025536,0.072954
q_ind_20_pop_2,0.006714,0.001068,0.000000,0.033181
q_ind_21_pop_2,0.026184,0.025799,0.000001,0.056983
q_ind_22_pop_2,0.014315,0.013120,0.000000,0.040984
q_ind_23_pop_2,0.061268,0.060266,0.032834,0.095026
q_ind_24_pop_2,0.002031,0.000165,0.000000,0.014548
q_ind_25_pop_2,0.020563,0.019048,0.000001,0.050121
q_ind_26_pop_2,0.009430,0.004738,0.000000,0.036048
q_ind_27_pop_2,0.014682,0.012425,0.000000,0.044137
q_ind_28_pop_2,0.019385,0.018876,0.000004,0.044820
q_ind_29_pop_2,0.035750,0.035993,0.005261,0.063345
q_ind_30_pop_2,0.000561,0.000039,0.000000,0.004356
q_ind_31_pop_2,0.001448,0.000081,0.000000,0.011264
q_ind_32_pop_2,0.001690,0.000122,0.000000,0.012524
q_ind_33_pop_2,0.001061,0.000057,0.000000,0.008745
q_ind_34_pop_2,0.001759,0.000157,0.000000,0.012054
q_ind_35_pop_2,0.000449,0.000024,0.000000,0.003754
q_ind_36_pop_2,0.001796,0.000141,0.000000,0.012836
q_ind_37_pop_2,0.000375,0.000023,0.000000,0.002907
q_ind_38_pop_2,0.068525,0.068346,0.042121,0.095873
q_ind_39_pop_2,0.016934,0.014685,0.000000,0.050108
q_ind_40_pop_2,0.062860,0.062836,0.030753,0.092980
q_ind_41_pop_2,0.001413,0.000084,0.000000,0.011017
q_ind_42_pop_2,0.001943,0.000191,0.000000,0.014006
q_ind_43_pop_2,0.002048,0.000140,0.000000,0.014518
q_ind_44_pop_2,0.001656,0.000122,0.000000,0.012916
q_ind_45_pop_2,0.000636,0.000037,0.000000,0.005241
q_ind_46_pop_2,0.003428,0.000667,0.000000,0.019193
q_ind_47_pop_2,0.004928,0.000968,0.000000,0.027459
q_ind_48_pop_2,0.000864,0.000048,0.000000,0.007252
q_ind_49_pop_2,0.000807,0.000054,0.000000,0.006240
q_ind_50_pop_2,0.001707,0.000242,0.000000,0.010281
q_ind_51_pop_2,0.001507,0.000115,0.000000,0.011004
q_ind_52_pop_2,0.001093,0.000067,0.000000,0.008417
q_ind_53_pop_2,0.000528,0.000035,0.000000,0.004341
q_ind_54_pop_2,0.000757,0.000045,0.000000,0.005698
q_ind_55_pop_2,0.001617,0.000188,0.000000,0.010404
q_ind_56_pop_2,0.122784,0.122397,0.091588,0.154674
q_ind_57_pop_2,0.000854,0.000058,0.000000,0.006787
q_ind_58_pop_2,0.016136,0.015622,0.000000,0.040416
q_ind_59_pop_2,0.000769,0.000040,0.000000,0.006496
q_ind_60_pop_2,0.003362,0.000501,0.000000,0.019972
q_ind_61_pop_2,0.003257,0.000376,0.000000,0.018986
q_ind_62_pop_2,0.981845,0.982489,0.957005,0.999686
q_ind_63_pop_2,0.993384,0.995639,0.976143,0.999967
q_ind_64_pop_2,0.985929,0.987566,0.962434,0.999844
q_ind_65_pop_2,0.992097,0.994855,0.970258,0.999964
q_ind_66_pop_2,0.837474,0.837410,0.803785,0.869042
q_ind_67_pop_2,0.002321,0.000360,0.000000,0.013612
q_ind_68_pop_2,0.057603,0.057304,0.029770,0.086791
q_ind_69_pop_2,0.001450,0.000106,0.000000,0.011182
q_ind_70_pop_2,0.001341,0.000088,0.000000,0.010711
q_ind_71_pop_2,0.003075,0.000470,0.000000,0.018035
q_ind_72_pop_2,0.002098,0.000240,0.000000,0.014196
q_ind_73_pop_2,0.058590,0.057920,0.028412,0.091453
q_ind_74_pop_2,0.059749,0.059369,0.028149,0.094105
q_ind_75_pop_2,0.002806,0.000421,0.000000,0.016678
q_ind_76_pop_2,0.102640,0.102302,0.071397,0.135836
q_ind_77_pop_2,0.134611,0.134627,0.100582,0.171264
q_ind_78_pop_2,0.097397,0.097301,0.064796,0.130195
q_ind_79_pop_2,0.081468,0.081061,0.052403,0.112645
q_ind_80_pop_2,0.130601,0.130457,0.096484,0.165842
q_ind_81_pop_2,0.115784,0.115354,0.087473,0.145409
q_ind_82_pop_2,0.113217,0.112435,0.082006,0.147770
q_ind_83_pop_2,0.116920,0.116442,0.093298,0.143738
q_ind_84_pop_2,0.100975,0.100681,0.077695,0.126417
q_ind_85_pop_2,0.110599,0.109950,0.077410,0.146963
q_ind_86_pop_2,0.082361,0.082452,0.050600,0.113418
q_ind_87_pop_2,0.358580,0.358350,0.314856,0.402708
q_ind_88_pop_2,0.359181,0.359443,0.319243,0.399885
q_ind_89_pop_2,0.332087,0.331774,0.289714,0.375317
q_ind_90_pop_2,0.364649,0.364422,0.325537,0.404215
q_ind_91_pop_2,0.365748,0.365124,0.323549,0.408807
q_ind_92_pop_2,0.324275,0.324235,0.282516,0.365491
q_ind_93_pop_2,0.303658,0.303962,0.259036,0.348485
q_ind_94_pop_2,0.363980,0.364064,0.318373,0.410791
q_ind_95_pop_2,0.001818,0.000266,0.000000,0.011268
q_ind_96_pop_2,0.001928,0.000210,0.000000,0.012708
q_ind_97_pop_2,0.000492,0.000028,0.000000,0.004091
q_ind_98_pop_2,0.110248,0.110261,0.081593,0.138932
q_ind_99_pop_2,0.001223,0.000090,0.000000,0.009163
q_ind_100_pop_2,0.000469,0.000031,0.000000,0.003712
q_ind_101_pop_2,0.000484,0.000028,0.000000,0.004048
q_ind_102_pop_2,0.000715,0.000046,0.000000,0.005423
q_ind_103_pop_2,0.000378,0.000019,0.000000,0.003157
q_ind_104_pop_2,0.058152,0.058218,0.032693,0.084528
q_ind_105_pop_2,0.005846,0.002672,0.000000,0.025229
q_ind_106_pop_2,0.003094,0.000265,0.000000,0.020350
q_ind_107_pop_2,0.001315,0.000090,0.000000,0.010702
q_ind_108_pop_2,0.002723,0.000261,0.000000,0.019868
q_ind_109_pop_2,0.001798,0.000148,0.000000,0.013148
q_ind_110_pop_2,0.002152,0.000221,0.000000,0.015044
q_ind_111_pop_2,0.001703,0.000086,0.000000,0.012990
q_ind_112_pop_2,0.004391,0.000494,0.000000,0.030600
q_ind_113_pop_2,0.002533,0.000240,0.000000,0.019338
q_ind_114_pop_2,0.014546,0.012640,0.000000,0.042318
q_ind_115_pop_2,0.000962,0.000049,0.000000,0.007802
q_ind_116_pop_2,0.001381,0.000104,0.000000,0.010378
q_ind_117_pop_2,0.000939,0.000063,0.000000,0.007154
q_ind_118_pop_2,0.003589,0.000642,0.000000,0.019544
q_ind_119_pop_2,0.000638,0.000045,0.000000,0.004651
q_ind_120_pop_2,0.005779,0.002757,0.000000,0.023937
q_ind_121_pop_2,0.000983,0.000068,0.000000,0.007758
q_ind_122_pop_2,0.001903,0.000164,0.000000,0.013913
q_ind_123_pop_2,0.040383,0.039768,0.015561,0.067731
q_ind_124_pop_2,0.066780,0.066373,0.035550,0.100313
q_ind_125_pop_2,0.058548,0.057933,0.024702,0.095322
q_ind_126_pop_2,0.048496,0.046601,0.023145,0.085004
q_ind_127_pop_2,0.087860,0.087471,0.054568,0.121977
q_ind_128_pop_2,0.053264,0.053100,0.024682,0.082985
q_ind_129_pop_2,0.034078,0.034488,0.000000,0.077091
q_ind_130_pop_2,0.129768,0.129717,0.094438,0.164013
q_ind_131_pop_2,0.115746,0.115536,0.085110,0.148286
q_ind_132_pop_2,0.001217,0.000087,0.000000,0.009375
q_ind_133_pop_2,0.001408,0.000158,0.000000,0.009547
q_ind_134_pop_2,0.001468,0.000135,0.000000,0.010596
q_ind_135_pop_2,0.001882,0.000155,0.000000,0.013342
q_ind_136_pop_2,0.001439,0.000108,0.000000,0.011911
q_ind_137_pop_2,0.001661,0.000112,0.000000,0.013272
q_ind_138_pop_2,0.001538,0.000116,0.000000,0.011049
q_ind_139_pop_2,0.000987,0.000061,0.000000,0.007849
q_ind_140_pop_2,0.000852,0.000050,0.000000,0.006695
q_ind_141_pop_2,0.098764,0.098444,0.071540,0.127043
q_ind_142_pop_2,0.001086,0.000067,0.000000,0.008618
q_ind_143_pop_2,0.000645,0.000042,0.000000,0.005116
q_ind_144_pop_2,0.990131,0.991812,0.970685,0.999918
q_ind_145_pop_2,0.956910,0.957275,0.927965,0.983598
q_ind_146_pop_2,0.982986,0.984077,0.958145,0.999330
q_ind_147_pop_2,0.949095,0.949638,0.921683,0.973538
q_ind_148_pop_2,0.841408,0.841559,0.811489,0.870480
q_ind_149_pop_2,0.985713,0.987016,0.963126,0.999654
q_ind_150_pop_2,0.971359,0.971941,0.948512,0.992314
q_ind_151_pop_2,0.991966,0.993819,0.973777,0.999952
q_ind_152_pop_2,0.992502,0.994611,0.973753,0.999959
q_ind_153_pop_2,0.977375,0.978117,0.951072,0.998509
q_ind_154_pop_2,0.493417,0.496286,0.473873,0.500000
q_ind_155_pop_2,0.155646,0.155289,0.120976,0.191539
q_ind_156_pop_2,0.106693,0.105980,0.073910,0.140961
q_ind_157_pop_2,0.074517,0.070154,0.039149,0.125462
q_ind_158_pop_2,0.094498,0.093310,0.060136,0.134271
q_ind_159_pop_2,0.170503,0.171090,0.129891,0.208166
q_ind_160_pop_2,0.136053,0.136014,0.101371,0.170534
q_ind_161_pop_2,0.131250,0.132189,0.088657,0.168438
q_ind_162_pop_2,0.128781,0.128939,0.094277,0.164512
q_ind_163_pop_2,0.120965,0.120676,0.086465,0.156490
q_ind_164_pop_2,0.004941,0.001108,0.000000,0.027563
q_ind_165_pop_2,0.001729,0.000154,0.000000,0.012851
q_ind_166_pop_2,0.002426,0.000224,0.000000,0.017989
q_ind_167_pop_2,0.021146,0.016988,0.000000,0.063042
q_ind_168_pop_2,0.154870,0.154649,0.124251,0.186066
q_ind_169_pop_2,0.000974,0.000055,0.000000,0.008205
q_ind_170_pop_2,0.014616,0.012546,0.000000,0.044131
q_ind_171_pop_2,0.000556,0.000029,0.000000,0.004911
q_ind_172_pop_2,0.000746,0.000039,0.000000,0.006188
q_ind_173_pop_2,0.001095,0.000084,0.000000,0.008680
q_ind_174_pop_2,0.006329,0.001035,0.000000,0.029783
q_ind_175_pop_2,0.180323,0.180171,0.144113,0.217293
q_ind_176_pop_2,0.204827,0.204408,0.167604,0.243671
q_ind_177_pop_2,0.212669,0.212616,0.180679,0.244096
q_ind_178_pop_2,0.208501,0.208147,0.165703,0.249678
q_ind_179_pop_2,0.215284,0.214276,0.175216,0.257353
q_ind_180_pop_2,0.177823,0.178013,0.140919,0.215140
q_ind_181_pop_2,0.208054,0.208185,0.172372,0.243854
q_ind_182_pop_2,0.204909,0.204432,0.166485,0.244965
q_ind_183_pop_2,0.222338,0.223248,0.179768,0.258037
q_ind_184_pop_2,0.001111,0.000069,0.000000,0.007977
q_ind_185_pop_2,0.000870,0.000062,0.000000,0.006667
q_ind_186_pop_2,0.000472,0.000026,0.000000,0.003886
q_ind_187_pop_2,0.000659,0.000037,0.000000,0.005381
q_ind_188_pop_2,0.000756,0.000044,0.000000,0.005997
q_ind_189_pop_2,0.003288,0.000275,0.000000,0.024439
q_ind_190_pop_2,0.000581,0.000037,0.000000,0.004942
q_ind_191_pop_2,0.000598,0.000033,0.000000,0.004635
q_ind_192_pop_2,0.001624,0.000114,0.000000,0.012784
q_ind_193_pop_2,0.000206,0.000010,0.000000,0.001834
q_ind_194_pop_2,0.003840,0.000439,0.000000,0.023856
q_ind_195_pop_2,0.000310,0.000015,0.000000,0.002624
q_ind_196_pop_2,0.000227,0.000013,0.000000,0.001879
q_ind_197_pop_2,0.000247,0.000015,0.000000,0.001948
q_ind_198_pop_2,0.000737,0.000037,0.000000,0.006060
q_ind_199_pop_2,0.000329,0.000017,0.000000,0.002819
q_ind_200_pop_2,0.007137,0.001271,0.000000,0.035195
q_ind_201_pop_2,0.001868,0.000139,0.000000,0.013947
q_ind_202_pop_2,0.010021,0.004963,0.000000,0.038558
q_ind_203_pop_2,0.002393,0.000209,0.000000,0.015597
q_ind_204_pop_2,0.003227,0.000356,0.000000,0.020367
q_ind_205_pop_2,0.005854,0.002140,0.000000,0.027571
q_ind_206_pop_2,0.014940,0.012945,0.000000,0.044605
q_ind_207_pop_2,0.091275,0.090504,0.061976,0.126568
q_ind_208_pop_2,0.003517,0.000518,0.000000,0.021158
q_ind_209_pop_2,0.002096,0.000112,0.000000,0.016428
q_ind_210_pop_2,0.005531,0.000883,0.000000,0.027977
q_ind_211_pop_2,0.062498,0.062039,0.035796,0.091780
q_ind_212_pop_2,0.008895,0.003340,0.000000,0.038472
q_ind_213_pop_2,0.011197,0.004246,0.000000,0.043975
q_ind_214_pop_2,0.040154,0.041396,0.000780,0.068294
q_ind_215_pop_2,0.029815,0.029713,0.000095,0.064270
q_ind_216_pop_2,0.000731,0.000049,0.000000,0.005314
q_ind_217_pop_2,0.077796,0.076969,0.045695,0.112396
q_ind_218_pop_2,0.008964,0.002391,0.000000,0.041008
q_ind_219_pop_2,0.031987,0.033507,0.000003,0.061189
q_ind_220_pop_2,0.079176,0.078765,0.044451,0.114696
q_ind_221_pop_2,0.005620,0.000652,0.000000,0.039025
q_ind_222_pop_2,0.037314,0.037412,0.014163,0.061532
q_ind_223_pop_2,0.144952,0.145257,0.115191,0.175154
q_ind_224_pop_2,0.059281,0.059403,0.028879,0.090961
q_ind_225_pop_2,0.097162,0.096486,0.067483,0.131406
q_ind_226_pop_2,0.038225,0.038863,0.000008,0.075255
q_ind_227_pop_2,0.050477,0.050738,0.021075,0.078897
q_ind_228_pop_2,0.027279,0.028052,0.000001,0.054822
q_ind_229_pop_2,0.010457,0.003142,0.000000,0.045331
q_ind_230_pop_2,0.111540,0.111932,0.079429,0.141907
q_ind_231_pop_2,0.009251,0.003987,0.000000,0.037814
q_ind_232_pop_2,0.055717,0.056400,0.027096,0.079375
q_ind_233_pop_2,0.002415,0.000281,0.000000,0.016119
q_ind_234_pop_2,0.001289,0.000093,0.000000,0.010126
q_ind_235_pop_2,0.000506,0.000032,0.000000,0.004201
q_ind_236_pop_2,0.000644,0.000045,0.000000,0.005044
q_ind_237_pop_2,0.001863,0.000079,0.000000,0.017779
q_ind_238_pop_2,0.001194,0.000086,0.000000,0.009031
q_ind_239_pop_2,0.000851,0.000050,0.000000,0.006706
q_ind_240_pop_2,0.029496,0.030175,0.000794,0.057198
q_ind_241_pop_2,0.006868,0.005307,0.000000,0.023355
q_ind_242_pop_2,0.008411,0.000402,0.000000,0.048748
q_ind_243_pop_2,0.001845,0.000213,0.000000,0.013366
q_ind_244_pop_2,0.000788,0.000040,0.000000,0.006561
q_ind_0_pop_3,0.222078,0.223652,0.160464,0.283571
q_ind_1_pop_3,0.161954,0.161657,0.096467,0.227683
q_ind_2_pop_3,0.036080,0.034289,0.000000,0.088981
q_ind_3_pop_3,0.020895,0.016710,0.000000,0.065470
q_ind_4_pop_3,0.342758,0.344587,0.285413,0.391765
q_ind_5_pop_3,0.057989,0.057742,0.002317,0.114674
q_ind_6_pop_3,0.102611,0.102298,0.051492,0.157072
q_ind_7_pop_3,0.060692,0.061594,0.001379,0.115747
q_ind_8_pop_3,0.070718,0.070309,0.001017,0.136374
q_ind_9_pop_3,0.006334,0.000571,0.000000,0.047156
q_ind_10_pop_3,0.026217,0.019318,0.000000,0.082788
q_ind_11_pop_3,0.031125,0.031637,0.000000,0.076291
q_ind_12_pop_3,0.276592,0.278039,0.214488,0.335009
q_ind_13_pop_3,0.245100,0.245616,0.189311,0.298701
q_ind_14_pop_3,0.245262,0.246002,0.183915,0.307505
q_ind_15_pop_3,0.266798,0.265797,0.213268,0.323330
q_ind_16_pop_3,0.269595,0.270210,0.213012,0.324991
q_ind_17_pop_3,0.270298,0.272019,0.198656,0.333715
q_ind_18_pop_3,0.253192,0.252570,0.196481,0.312864
q_ind_19_pop_3,0.267362,0.264888,0.206629,0.336885
q_ind_20_pop_3,0.955139,0.956400,0.899309,0.999094
q_ind_21_pop_3,0.944699,0.946468,0.898229,0.982159
q_ind_22_pop_3,0.964148,0.967158,0.911968,0.998774
q_ind_23_pop_3,0.846997,0.847922,0.782009,0.905128
q_ind_24_pop_3,0.932572,0.932400,0.872713,0.997598
q_ind_25_pop_3,0.967498,0.967797,0.935053,0.998249
q_ind_26_pop_3,0.960587,0.962120,0.904250,0.999626
q_ind_27_pop_3,0.959739,0.961425,0.907657,0.998087
q_ind_28_pop_3,0.942087,0.943508,0.892515,0.984395
q_ind_29_pop_3,0.910706,0.910019,0.855096,0.967058
q_ind_30_pop_3,0.001464,0.000096,0.000000,0.011563
q_ind_31_pop_3,0.002315,0.000116,0.000000,0.020102
q_ind_32_pop_3,0.005665,0.000541,0.000000,0.036966
q_ind_33_pop_3,0.000848,0.000050,0.000000,0.007137
q_ind_34_pop_3,0.001931,0.000112,0.000000,0.015671
q_ind_35_pop_3,0.000437,0.000025,0.000000,0.003478
q_ind_36_pop_3,0.001553,0.000103,0.000000,0.012206
q_ind_37_pop_3,0.000409,0.000025,0.000000,0.003304
q_ind_38_pop_3,0.129930,0.130784,0.069299,0.181963
q_ind_39_pop_3,0.016097,0.011937,0.000000,0.055084
q_ind_40_pop_3,0.086895,0.082586,0.044555,0.148944
q_ind_41_pop_3,0.001249,0.000072,0.000000,0.010171
q_ind_42_pop_3,0.001295,0.000087,0.000000,0.010223
q_ind_43_pop_3,0.001522,0.000090,0.000000,0.012050
q_ind_44_pop_3,0.001336,0.000079,0.000000,0.011460
q_ind_45_pop_3,0.000569,0.000030,0.000000,0.005013
q_ind_46_pop_3,0.000984,0.000075,0.000000,0.007393
q_ind_47_pop_3,0.001501,0.000108,0.000000,0.011794
q_ind_48_pop_3,0.000973,0.000068,0.000000,0.007692
q_ind_49_pop_3,0.001161,0.000060,0.000000,0.010716
q_ind_50_pop_3,0.012054,0.002006,0.000000,0.065221
q_ind_51_pop_3,0.004490,0.000298,0.000000,0.035208
q_ind_52_pop_3,0.001163,0.000063,0.000000,0.009105
q_ind_53_pop_3,0.004534,0.000332,0.000000,0.031930
q_ind_54_pop_3,0.001482,0.000098,0.000000,0.012152
q_ind_55_pop_3,0.002562,0.000219,0.000000,0.019914
q_ind_56_pop_3,0.153823,0.154872,0.094433,0.210103
q_ind_57_pop_3,0.002385,0.000171,0.000000,0.017128
q_ind_58_pop_3,0.011407,0.004464,0.000000,0.053386
q_ind_59_pop_3,0.010323,0.001032,0.000000,0.062693
q_ind_60_pop_3,0.002497,0.000170,0.000000,0.019553
q_ind_61_pop_3,0.003892,0.000507,0.000000,0.024346
q_ind_62_pop_3,0.000755,0.000039,0.000000,0.006691
q_ind_63_pop_3,0.000625,0.000034,0.000000,0.005278
q_ind_64_pop_3,0.000569,0.000027,0.000000,0.004607
q_ind_65_pop_3,0.000854,0.000056,0.000000,0.006679
q_ind_66_pop_3,0.000618,0.000032,0.000000,0.005255
q_ind_67_pop_3,0.200686,0.200959,0.152884,0.248522
q_ind_68_pop_3,0.232953,0.232764,0.168020,0.299420
q_ind_69_pop_3,0.223631,0.223029,0.163289,0.286498
q_ind_70_pop_3,0.159242,0.159181,0.108803,0.211113
q_ind_71_pop_3,0.184163,0.184618,0.129345,0.239278
q_ind_72_pop_3,0.163642,0.163630,0.100896,0.226192
q_ind_73_pop_3,0.228090,0.228240,0.159574,0.292857
q_ind_74_pop_3,0.238226,0.238623,0.182723,0.294540
q_ind_75_pop_3,0.155347,0.155104,0.101968,0.210534
q_ind_76_pop_3,0.791394,0.791725,0.734365,0.845037
q_ind_77_pop_3,0.793254,0.792351,0.729204,0.859956
q_ind_78_pop_3,0.788915,0.789646,0.732007,0.841146
q_ind_79_pop_3,0.773895,0.775117,0.719568,0.824178
q_ind_80_pop_3,0.735132,0.735349,0.679752,0.791731
q_ind_81_pop_3,0.763319,0.763792,0.708562,0.816187
q_ind_82_pop_3,0.797002,0.797256,0.743246,0.850557
q_ind_83_pop_3,0.762867,0.763716,0.712548,0.810988
q_ind_84_pop_3,0.792631,0.793275,0.744682,0.836358
q_ind_85_pop_3,0.764077,0.764647,0.706963,0.822223
q_ind_86_pop_3,0.805382,0.805924,0.745907,0.862123
q_ind_87_pop_3,0.125139,0.122530,0.063688,0.198709
q_ind_88_pop_3,0.111966,0.112194,0.052307,0.172687
q_ind_89_pop_3,0.096696,0.098817,0.000024,0.178798
q_ind_90_pop_3,0.120606,0.122524,0.051728,0.181321
q_ind_91_pop_3,0.091918,0.091114,0.016992,0.167986
q_ind_92_pop_3,0.107981,0.109082,0.037466,0.170265
q_ind_93_pop_3,0.184939,0.184280,0.131704,0.236565
q_ind_94_pop_3,0.106543,0.107925,0.014047,0.187803
q_ind_95_pop_3,0.002075,0.000166,0.000000,0.014542
q_ind_96_pop_3,0.002239,0.000187,0.000000,0.015010
q_ind_97_pop_3,0.444061,0.444803,0.405463,0.477828
q_ind_98_pop_3,0.238457,0.237786,0.190492,0.289049
q_ind_99_pop_3,0.001211,0.000072,0.000000,0.009719
q_ind_100_pop_3,0.000582,0.000031,0.000000,0.004687
q_ind_101_pop_3,0.000370,0.000022,0.000000,0.003065
q_ind_102_pop_3,0.000925,0.000067,0.000000,0.007116
q_ind_103_pop_3,0.000349,0.000020,0.000000,0.002743
q_ind_104_pop_3,0.305135,0.304505,0.251635,0.360926
q_ind_105_pop_3,0.014119,0.009167,0.000000,0.050399
q_ind_106_pop_3,0.272903,0.269336,0.199888,0.363374
q_ind_107_pop_3,0.316874,0.317515,0.238458,0.394989
q_ind_108_pop_3,0.230370,0.236670,0.140190,0.293546
q_ind_109_pop_3,0.300344,0.300716,0.224492,0.381213
q_ind_110_pop_3,0.244948,0.245350,0.186413,0.305856
q_ind_111_pop_3,0.258707,0.254172,0.173952,0.351228
q_ind_112_pop_3,0.313460,0.312131,0.244187,0.383318
q_ind_113_pop_3,0.325852,0.324041,0.244442,0.425578
q_ind_114_pop_3,0.002037,0.000169,0.000000,0.015245
q_ind_115_pop_3,0.002627,0.000146,0.000000,0.021464
q_ind_116_pop_3,0.003886,0.000349,0.000000,0.024528
q_ind_117_pop_3,0.007678,0.000507,0.000000,0.051494
q_ind_118_pop_3,0.006116,0.001455,0.000000,0.031750
q_ind_119_pop_3,0.000718,0.000046,0.000000,0.005511
q_ind_120_pop_3,0.004248,0.000787,0.000000,0.022200
q_ind_121_pop_3,0.001444,0.000097,0.000000,0.010984
q_ind_122_pop_3,0.003789,0.000617,0.000000,0.020696
q_ind_123_pop_3,0.009342,0.000297,0.000000,0.078691
q_ind_124_pop_3,0.785746,0.786141,0.725940,0.847151
q_ind_125_pop_3,0.725624,0.725858,0.663243,0.789515
q_ind_126_pop_3,0.790713,0.790996,0.720520,0.856240
q_ind_127_pop_3,0.756659,0.756191,0.697261,0.817481
q_ind_128_pop_3,0.857954,0.858411,0.797829,0.913837
q_ind_129_pop_3,0.784809,0.785762,0.719219,0.848162
q_ind_130_pop_3,0.507526,0.499412,0.479872,0.581475
q_ind_131_pop_3,0.442504,0.441953,0.407019,0.484403
q_ind_132_pop_3,0.938266,0.937493,0.880213,0.997925
q_ind_133_pop_3,0.924107,0.925472,0.865857,0.977737
q_ind_134_pop_3,0.920517,0.920175,0.866659,0.978281
q_ind_135_pop_3,0.941953,0.942698,0.878508,0.997681
q_ind_136_pop_3,0.906060,0.908642,0.847065,0.954920
q_ind_137_pop_3,0.628606,0.628217,0.565058,0.688376
q_ind_138_pop_3,0.811585,0.810655,0.744813,0.883776
q_ind_139_pop_3,0.882414,0.884267,0.819827,0.936561
q_ind_140_pop_3,0.888547,0.890156,0.824643,0.944142
q_ind_141_pop_3,0.465194,0.472800,0.396571,0.499972
q_ind_142_pop_3,0.844075,0.844675,0.782805,0.901264
q_ind_143_pop_3,0.914098,0.915387,0.854882,0.964202
q_ind_144_pop_3,0.000728,0.000044,0.000000,0.005585
q_ind_145_pop_3,0.022957,0.020395,0.000000,0.059775
q_ind_146_pop_3,0.001320,0.000082,0.000000,0.010871
q_ind_147_pop_3,0.025474,0.025268,0.000000,0.060505
q_ind_148_pop_3,0.004541,0.000143,0.000000,0.045784
q_ind_149_pop_3,0.000810,0.000056,0.000000,0.006510
q_ind_150_pop_3,0.001341,0.000112,0.000000,0.009930
q_ind_151_pop_3,0.001081,0.000072,0.000000,0.007855
q_ind_152_pop_3,0.000671,0.000042,0.000000,0.005472
q_ind_153_pop_3,0.002522,0.000341,0.000000,0.014792
q_ind_154_pop_3,0.264531,0.264861,0.210816,0.316800
q_ind_155_pop_3,0.006776,0.000859,0.000000,0.039392
q_ind_156_pop_3,0.001449,0.000120,0.000000,0.010901
q_ind_157_pop_3,0.007587,0.000509,0.000000,0.057706
q_ind_158_pop_3,0.070805,0.072180,0.022033,0.115012
q_ind_159_pop_3,0.002177,0.000131,0.000000,0.018526
q_ind_160_pop_3,0.000585,0.000028,0.000000,0.004680
q_ind_161_pop_3,0.006829,0.000891,0.000000,0.045208
q_ind_162_pop_3,0.001718,0.000082,0.000000,0.015899
q_ind_163_pop_3,0.003017,0.000229,0.000000,0.021553
q_ind_164_pop_3,0.408886,0.409777,0.334346,0.480334
q_ind_165_pop_3,0.395610,0.395633,0.327904,0.461696
q_ind_166_pop_3,0.440040,0.440030,0.367245,0.509308
q_ind_167_pop_3,0.570113,0.575154,0.487229,0.648452
q_ind_168_pop_3,0.489402,0.495057,0.452829,0.500000
q_ind_169_pop_3,0.984620,0.988398,0.948721,0.999833
q_ind_170_pop_3,0.969506,0.971867,0.919917,0.999419
q_ind_171_pop_3,0.975226,0.978769,0.928144,0.999885
q_ind_172_pop_3,0.886192,0.888615,0.833311,0.929209
q_ind_173_pop_3,0.991054,0.994968,0.961604,0.999957
q_ind_174_pop_3,0.683493,0.682119,0.609055,0.760827
q_ind_175_pop_3,0.423589,0.422314,0.369888,0.476898
q_ind_176_pop_3,0.488869,0.495641,0.430107,0.504438
q_ind_177_pop_3,0.566263,0.566597,0.507875,0.621756
q_ind_178_pop_3,0.502220,0.502139,0.442991,0.562747
q_ind_179_pop_3,0.505980,0.506202,0.445031,0.563798
q_ind_180_pop_3,0.474508,0.475598,0.415114,0.540818
q_ind_181_pop_3,0.538340,0.539018,0.487642,0.605401
q_ind_182_pop_3,0.535832,0.534974,0.478159,0.601238
q_ind_183_pop_3,0.487561,0.491363,0.442172,0.521937
q_ind_184_pop_3,0.463964,0.464963,0.419003,0.499996
q_ind_185_pop_3,0.449288,0.449918,0.383756,0.511631
q_ind_186_pop_3,0.426192,0.425485,0.359683,0.496182
q_ind_187_pop_3,0.387328,0.387907,0.332769,0.441659
q_ind_188_pop_3,0.449469,0.449387,0.387813,0.512206
q_ind_189_pop_3,0.421142,0.425686,0.351811,0.474260
q_ind_190_pop_3,0.431599,0.432754,0.358315,0.499451
q_ind_191_pop_3,0.003513,0.000063,0.000000,0.046037
q_ind_192_pop_3,0.008366,0.001154,0.000000,0.053408
q_ind_193_pop_3,0.000202,0.000010,0.000000,0.001628
q_ind_194_pop_3,0.001172,0.000070,0.000000,0.009159
q_ind_195_pop_3,0.000214,0.000011,0.000000,0.001693
q_ind_196_pop_3,0.000198,0.000010,0.000000,0.001595
q_ind_197_pop_3,0.000255,0.000014,0.000000,0.002079
q_ind_198_pop_3,0.001924,0.000090,0.000000,0.017866
q_ind_199_pop_3,0.000354,0.000020,0.000000,0.002971
q_ind_200_pop_3,0.037061,0.039741,0.000000,0.078033
q_ind_201_pop_3,0.001115,0.000071,0.000000,0.009097
q_ind_202_pop_3,0.003699,0.000288,0.000000,0.024201
q_ind_203_pop_3,0.004058,0.000309,0.000000,0.029161
q_ind_204_pop_3,0.004985,0.000494,0.000000,0.033235
q_ind_205_pop_3,0.001715,0.000128,0.000000,0.013295
q_ind_206_pop_3,0.006153,0.000955,0.000000,0.033801
q_ind_207_pop_3,0.162858,0.162358,0.110517,0.214940
q_ind_208_pop_3,0.012714,0.007265,0.000000,0.045180
q_ind_209_pop_3,0.002173,0.000141,0.000000,0.017467
q_ind_210_pop_3,0.014089,0.007802,0.000000,0.058189
q_ind_211_pop_3,0.075017,0.073647,0.027113,0.130907
q_ind_212_pop_3,0.682079,0.681747,0.614098,0.750951
q_ind_213_pop_3,0.698815,0.698392,0.628931,0.771932
q_ind_214_pop_3,0.668091,0.668359,0.595049,0.740297
q_ind_215_pop_3,0.662765,0.662190,0.593453,0.730998
q_ind_216_pop_3,0.705096,0.707351,0.633662,0.770185
q_ind_217_pop_3,0.579771,0.580459,0.498912,0.669240
q_ind_218_pop_3,0.671765,0.671710,0.593889,0.747847
q_ind_219_pop_3,0.705666,0.706074,0.631297,0.776246
q_ind_220_pop_3,0.573168,0.573338,0.499529,0.649370
q_ind_221_pop_3,0.659271,0.659013,0.588891,0.729936
q_ind_222_pop_3,0.059502,0.059776,0.000557,0.113125
q_ind_223_pop_3,0.171976,0.172707,0.124406,0.217738
q_ind_224_pop_3,0.003396,0.000270,0.000000,0.023638
q_ind_225_pop_3,0.067938,0.064474,0.017011,0.132605
q_ind_226_pop_3,0.011484,0.002971,0.000000,0.052295
q_ind_227_pop_3,0.005565,0.000635,0.000000,0.034557
q_ind_228_pop_3,0.001851,0.000125,0.000000,0.015120
q_ind_229_pop_3,0.014674,0.004961,0.000000,0.070105
q_ind_230_pop_3,0.025833,0.018146,0.000000,0.084008
q_ind_231_pop_3,0.023047,0.016653,0.000000,0.079078
q_ind_232_pop_3,0.035413,0.034981,0.000000,0.094330
q_ind_233_pop_3,0.000977,0.000066,0.000000,0.007735
q_ind_234_pop_3,0.026822,0.023620,0.000000,0.072587
q_ind_235_pop_3,0.025308,0.022001,0.000000,0.071996
q_ind_236_pop_3,0.001499,0.000060,0.000000,0.013079
q_ind_237_pop_3,0.015278,0.002684,0.000000,0.076288
q_ind_238_pop_3,0.002561,0.000203,0.000000,0.019566
q_ind_239_pop_3,0.004041,0.000230,0.000000,0.034334
q_ind_240_pop_3,0.116455,0.115849,0.067120,0.169663
q_ind_241_pop_3,0.027740,0.018011,0.000000,0.087373
q_ind_242_pop_3,0.131297,0.129077,0.072248,0.196753
q_ind_243_pop_3,0.022390,0.015749,0.000000,0.073584
q_ind_244_pop_3,0.099738,0.099770,0.030697,0.170440
q_ind_0_pop_4,0.087835,0.087427,0.051682,0.125471
q_ind_1_pop_4,0.049387,0.049403,0.015279,0.083616
q_ind_2_pop_4,0.080536,0.079406,0.047607,0.119559
q_ind_3_pop_4,0.110358,0.110414,0.073226,0.148623
q_ind_4_pop_4,0.044007,0.043459,0.010909,0.074595
q_ind_5_pop_4,0.070189,0.070402,0.041366,0.099079
q_ind_6_pop_4,0.060017,0.059435,0.023530,0.098438
q_ind_7_pop_4,0.061971,0.061449,0.028529,0.098621
q_ind_8_pop_4,0.056840,0.056427,0.019589,0.095006
q_ind_9_pop_4,0.054240,0.053976,0.032103,0.077753
q_ind_10_pop_4,0.088710,0.087995,0.055426,0.126952
q_ind_11_pop_4,0.064514,0.064595,0.024689,0.104345
q_ind_12_pop_4,0.002977,0.000226,0.000000,0.022719
q_ind_13_pop_4,0.001313,0.000072,0.000000,0.011418
q_ind_14_pop_4,0.002602,0.000298,0.000000,0.016391
q_ind_15_pop_4,0.001908,0.000182,0.000000,0.013619
q_ind_16_pop_4,0.001533,0.000090,0.000000,0.012703
q_ind_17_pop_4,0.001331,0.000089,0.000000,0.010742
q_ind_18_pop_4,0.000652,0.000038,0.000000,0.005372
q_ind_19_pop_4,0.002768,0.000164,0.000000,0.022058
q_ind_20_pop_4,0.001728,0.000121,0.000000,0.013276
q_ind_21_pop_4,0.001636,0.000128,0.000000,0.012054
q_ind_22_pop_4,0.001152,0.000067,0.000000,0.009005
q_ind_23_pop_4,0.003882,0.000486,0.000000,0.024509
q_ind_24_pop_4,0.000576,0.000034,0.000000,0.004924
q_ind_25_pop_4,0.002666,0.000195,0.000000,0.020045
q_ind_26_pop_4,0.001045,0.000067,0.000000,0.008348
q_ind_27_pop_4,0.008613,0.005811,0.000000,0.029593
q_ind_28_pop_4,0.004132,0.000804,0.000000,0.021360
q_ind_29_pop_4,0.002874,0.000265,0.000000,0.019912
q_ind_30_pop_4,0.003690,0.000777,0.000000,0.021908
q_ind_31_pop_4,0.001330,0.000101,0.000000,0.010161
q_ind_32_pop_4,0.014610,0.009885,0.000000,0.054910
q_ind_33_pop_4,0.003539,0.000282,0.000000,0.026462
q_ind_34_pop_4,0.002232,0.000106,0.000000,0.019310
q_ind_35_pop_4,0.001305,0.000055,0.000000,0.013646
q_ind_36_pop_4,0.003508,0.000513,0.000000,0.020505
q_ind_37_pop_4,0.001692,0.000073,0.000000,0.018178
q_ind_38_pop_4,0.004344,0.000606,0.000000,0.025833
q_ind_39_pop_4,0.017472,0.015048,0.000000,0.050766
q_ind_40_pop_4,0.004809,0.000772,0.000000,0.027026
q_ind_41_pop_4,0.000712,0.000040,0.000000,0.005716
q_ind_42_pop_4,0.001910,0.000181,0.000000,0.013261
q_ind_43_pop_4,0.000718,0.000038,0.000000,0.005852
q_ind_44_pop_4,0.000907,0.000045,0.000000,0.007722
q_ind_45_pop_4,0.000465,0.000027,0.000000,0.003959
q_ind_46_pop_4,0.002212,0.000202,0.000000,0.015023
q_ind_47_pop_4,0.000877,0.000060,0.000000,0.006832
q_ind_48_pop_4,0.000526,0.000029,0.000000,0.004218
q_ind_49_pop_4,0.000890,0.000049,0.000000,0.007355
q_ind_50_pop_4,0.000553,0.000037,0.000000,0.004426
q_ind_51_pop_4,0.000449,0.000029,0.000000,0.003477
q_ind_52_pop_4,0.000432,0.000023,0.000000,0.003513
q_ind_53_pop_4,0.001125,0.000079,0.000000,0.009026
q_ind_54_pop_4,0.000528,0.000036,0.000000,0.004031
q_ind_55_pop_4,0.000737,0.000053,0.000000,0.005698
q_ind_56_pop_4,0.000867,0.000049,0.000000,0.007299
q_ind_57_pop_4,0.000529,0.000031,0.000000,0.004557
q_ind_58_pop_4,0.001376,0.000103,0.000000,0.010107
q_ind_59_pop_4,0.000756,0.000041,0.000000,0.005874
q_ind_60_pop_4,0.001123,0.000085,0.000000,0.008310
q_ind_61_pop_4,0.001259,0.000072,0.000000,0.010031
q_ind_62_pop_4,0.009327,0.004093,0.000000,0.036757
q_ind_63_pop_4,0.003612,0.000537,0.000000,0.020065
q_ind_64_pop_4,0.006168,0.001485,0.000000,0.029026
q_ind_65_pop_4,0.000985,0.000060,0.000000,0.007544
q_ind_66_pop_4,0.116321,0.116086,0.085574,0.149012
q_ind_67_pop_4,0.001260,0.000090,0.000000,0.008983
q_ind_68_pop_4,0.018985,0.015392,0.000000,0.062196
q_ind_69_pop_4,0.018982,0.016941,0.000000,0.055504
q_ind_70_pop_4,0.001256,0.000079,0.000000,0.010764
q_ind_71_pop_4,0.003027,0.000441,0.000000,0.018442
q_ind_72_pop_4,0.003453,0.000609,0.000000,0.019545
q_ind_73_pop_4,0.008444,0.002911,0.000000,0.038785
q_ind_74_pop_4,0.004882,0.000396,0.000000,0.036904
q_ind_75_pop_4,0.001318,0.000082,0.000000,0.010163
q_ind_76_pop_4,0.003111,0.000322,0.000000,0.021339
q_ind_77_pop_4,0.003640,0.000246,0.000000,0.026865
q_ind_78_pop_4,0.002157,0.000136,0.000000,0.016617
q_ind_79_pop_4,0.007913,0.001590,0.000000,0.041151
q_ind_80_pop_4,0.001511,0.000102,0.000000,0.012670
q_ind_81_pop_4,0.002347,0.000182,0.000000,0.015970
q_ind_82_pop_4,0.001307,0.000092,0.000000,0.009876
q_ind_83_pop_4,0.001556,0.000107,0.000000,0.012021
q_ind_84_pop_4,0.002111,0.000124,0.000000,0.015871
q_ind_85_pop_4,0.002001,0.000187,0.000000,0.014452
q_ind_86_pop_4,0.011448,0.002986,0.000000,0.051179
q_ind_87_pop_4,0.002966,0.000208,0.000000,0.021579
q_ind_88_pop_4,0.002304,0.000193,0.000000,0.015876
q_ind_89_pop_4,0.001529,0.000119,0.000000,0.011723
q_ind_90_pop_4,0.002005,0.000137,0.000000,0.014931
q_ind_91_pop_4,0.002791,0.000261,0.000000,0.020152
q_ind_92_pop_4,0.007068,0.000943,0.000000,0.037707
q_ind_93_pop_4,0.001530,0.000111,0.000000,0.011615
q_ind_94_pop_4,0.009939,0.004874,0.000000,0.042335
q_ind_95_pop_4,0.001304,0.000117,0.000000,0.009290
q_ind_96_pop_4,0.004073,0.001518,0.000000,0.018607
q_ind_97_pop_4,0.004408,0.000450,0.000000,0.027577
q_ind_98_pop_4,0.001227,0.000089,0.000000,0.009215
q_ind_99_pop_4,0.000809,0.000049,0.000000,0.006024
q_ind_100_pop_4,0.000295,0.000015,0.000000,0.002466
q_ind_101_pop_4,0.000309,0.000021,0.000000,0.002439
q_ind_102_pop_4,0.000573,0.000036,0.000000,0.004708
q_ind_103_pop_4,0.000271,0.000014,0.000000,0.002299
q_ind_104_pop_4,0.006511,0.000772,0.000000,0.033754
q_ind_105_pop_4,0.000729,0.000048,0.000000,0.005686
q_ind_106_pop_4,0.023407,0.019286,0.000000,0.068837
q_ind_107_pop_4,0.028420,0.027597,0.000205,0.061873
q_ind_108_pop_4,0.069479,0.068260,0.029903,0.115157
q_ind_109_pop_4,0.090490,0.090961,0.053146,0.125026
q_ind_110_pop_4,0.063322,0.062310,0.033740,0.098470
q_ind_111_pop_4,0.011651,0.002309,0.000000,0.062129
q_ind_112_pop_4,0.024584,0.018773,0.000000,0.078579
q_ind_113_pop_4,0.021701,0.015782,0.000000,0.072233
q_ind_114_pop_4,0.001733,0.000128,0.000000,0.012816
q_ind_115_pop_4,0.001237,0.000074,0.000000,0.010147
q_ind_116_pop_4,0.001615,0.000211,0.000000,0.011220
q_ind_117_pop_4,0.000866,0.000057,0.000000,0.006714
q_ind_118_pop_4,0.001611,0.000104,0.000000,0.011398
q_ind_119_pop_4,0.000652,0.000033,0.000000,0.005044
q_ind_120_pop_4,0.001639,0.000130,0.000000,0.011757
q_ind_121_pop_4,0.001172,0.000112,0.000000,0.008466
q_ind_122_pop_4,0.000835,0.000055,0.000000,0.006180
q_ind_123_pop_4,0.002157,0.000074,0.000000,0.022319
q_ind_124_pop_4,0.004832,0.001187,0.000000,0.026334
q_ind_125_pop_4,0.001957,0.000158,0.000000,0.013252
q_ind_126_pop_4,0.000829,0.000048,0.000000,0.006509
q_ind_127_pop_4,0.001499,0.000099,0.000000,0.011636
q_ind_128_pop_4,0.001801,0.000146,0.000000,0.012983
q_ind_129_pop_4,0.001163,0.000068,0.000000,0.009469
q_ind_130_pop_4,0.001957,0.000165,0.000000,0.013736
q_ind_131_pop_4,0.006769,0.000404,0.000000,0.041318
q_ind_132_pop_4,0.001042,0.000047,0.000000,0.008595
q_ind_133_pop_4,0.004021,0.000821,0.000000,0.021124
q_ind_134_pop_4,0.001369,0.000092,0.000000,0.011376
q_ind_135_pop_4,0.004877,0.000606,0.000000,0.027912
q_ind_136_pop_4,0.001617,0.000165,0.000000,0.011510
q_ind_137_pop_4,0.003558,0.000399,0.000000,0.023346
q_ind_138_pop_4,0.008428,0.002214,0.000000,0.041451
q_ind_139_pop_4,0.002395,0.000213,0.000000,0.018078
q_ind_140_pop_4,0.008008,0.002822,0.000000,0.036728
q_ind_141_pop_4,0.002411,0.000184,0.000000,0.018818
q_ind_142_pop_4,0.001472,0.000088,0.000000,0.011576
q_ind_143_pop_4,0.004941,0.000861,0.000000,0.028512
q_ind_144_pop_4,0.004865,0.001010,0.000000,0.023761
q_ind_145_pop_4,0.004211,0.000531,0.000000,0.023070
q_ind_146_pop_4,0.004114,0.000484,0.000000,0.026189
q_ind_147_pop_4,0.001881,0.000183,0.000000,0.013005
q_ind_148_pop_4,0.002358,0.000166,0.000000,0.019153
q_ind_149_pop_4,0.005885,0.002131,0.000000,0.026128
q_ind_150_pop_4,0.002980,0.000372,0.000000,0.019116
q_ind_151_pop_4,0.001242,0.000095,0.000000,0.009504
q_ind_152_pop_4,0.001386,0.000114,0.000000,0.009697
q_ind_153_pop_4,0.004629,0.001505,0.000000,0.022388
q_ind_154_pop_4,0.002727,0.000227,0.000000,0.019439
q_ind_155_pop_4,0.013691,0.009055,0.000000,0.049877
q_ind_156_pop_4,0.001322,0.000126,0.000000,0.009544
q_ind_157_pop_4,0.007259,0.000761,0.000000,0.042065
q_ind_158_pop_4,0.004380,0.000314,0.000000,0.030413
q_ind_159_pop_4,0.012464,0.005658,0.000000,0.049159
q_ind_160_pop_4,0.001096,0.000057,0.000000,0.009324
q_ind_161_pop_4,0.001430,0.000113,0.000000,0.010864
q_ind_162_pop_4,0.002476,0.000136,0.000000,0.021899
q_ind_163_pop_4,0.004450,0.000496,0.000000,0.029993
q_ind_164_pop_4,0.062932,0.062961,0.037070,0.089708
q_ind_165_pop_4,0.066834,0.066657,0.037770,0.096522
q_ind_166_pop_4,0.094952,0.094099,0.064523,0.130504
q_ind_167_pop_4,0.003647,0.000226,0.000000,0.029080
q_ind_168_pop_4,0.001626,0.000103,0.000000,0.012352
q_ind_169_pop_4,0.003313,0.000946,0.000000,0.017200
q_ind_170_pop_4,0.001658,0.000107,0.000000,0.013052
q_ind_171_pop_4,0.000906,0.000053,0.000000,0.007485
q_ind_172_pop_4,0.003545,0.000236,0.000000,0.024274
q_ind_173_pop_4,0.000578,0.000032,0.000000,0.005185
q_ind_174_pop_4,0.027440,0.026928,0.000026,0.055832
q_ind_175_pop_4,0.001325,0.000110,0.000000,0.010222
q_ind_176_pop_4,0.004686,0.000298,0.000000,0.031950
q_ind_177_pop_4,0.002553,0.000236,0.000000,0.019126
q_ind_178_pop_4,0.006079,0.000698,0.000000,0.039251
q_ind_179_pop_4,0.023277,0.022643,0.000000,0.056954
q_ind_180_pop_4,0.006200,0.001912,0.000000,0.031533
q_ind_181_pop_4,0.001039,0.000060,0.000000,0.007898
q_ind_182_pop_4,0.001630,0.000087,0.000000,0.012987
q_ind_183_pop_4,0.002878,0.000223,0.000000,0.020653
q_ind_184_pop_4,0.004953,0.000670,0.000000,0.029877
q_ind_185_pop_4,0.001221,0.000108,0.000000,0.009033
q_ind_186_pop_4,0.002658,0.000258,0.000000,0.017856
q_ind_187_pop_4,0.002115,0.000203,0.000000,0.015101
q_ind_188_pop_4,0.004123,0.000471,0.000000,0.024874
q_ind_189_pop_4,0.013071,0.004608,0.000000,0.055259
q_ind_190_pop_4,0.003600,0.000479,0.000000,0.022433
q_ind_191_pop_4,0.592730,0.593254,0.552990,0.630655
q_ind_192_pop_4,0.607651,0.607447,0.567612,0.647030
q_ind_193_pop_4,0.998641,0.999294,0.993560,0.999994
q_ind_194_pop_4,0.626858,0.627045,0.590686,0.663323
q_ind_195_pop_4,0.998584,0.999230,0.993673,0.999994
q_ind_196_pop_4,0.998638,0.999262,0.993807,0.999994
q_ind_197_pop_4,0.998075,0.999086,0.989847,0.999993
q_ind_198_pop_4,0.618778,0.618490,0.582970,0.657077
q_ind_199_pop_4,0.997928,0.998937,0.990525,0.999994
q_ind_200_pop_4,0.304053,0.304151,0.268112,0.338162
q_ind_201_pop_4,0.630861,0.630575,0.593390,0.670136
q_ind_202_pop_4,0.013262,0.008357,0.000000,0.049131
q_ind_203_pop_4,0.008691,0.003464,0.000000,0.039418
q_ind_204_pop_4,0.006449,0.001349,0.000000,0.035056
q_ind_205_pop_4,0.001945,0.000146,0.000000,0.014507
q_ind_206_pop_4,0.042041,0.040825,0.014630,0.075132
q_ind_207_pop_4,0.091149,0.090245,0.064262,0.123340
q_ind_208_pop_4,0.020729,0.020462,0.000000,0.051698
q_ind_209_pop_4,0.044190,0.047050,0.000000,0.092462
q_ind_210_pop_4,0.009471,0.003186,0.000000,0.040092
q_ind_211_pop_4,0.036096,0.036119,0.001114,0.068363
q_ind_212_pop_4,0.006072,0.000849,0.000000,0.034830
q_ind_213_pop_4,0.002944,0.000288,0.000000,0.019699
q_ind_214_pop_4,0.001167,0.000067,0.000000,0.008903
q_ind_215_pop_4,0.002103,0.000135,0.000000,0.018146
q_ind_216_pop_4,0.001634,0.000113,0.000000,0.011369
q_ind_217_pop_4,0.000733,0.000049,0.000000,0.005722
q_ind_218_pop_4,0.002683,0.000134,0.000000,0.023225
q_ind_219_pop_4,0.001966,0.000130,0.000000,0.014248
q_ind_220_pop_4,0.001725,0.000134,0.000000,0.014152
q_ind_221_pop_4,0.005102,0.000964,0.000000,0.026335
q_ind_222_pop_4,0.040850,0.040335,0.015557,0.070912
q_ind_223_pop_4,0.029924,0.031177,0.000000,0.068292
q_ind_224_pop_4,0.019105,0.014987,0.000000,0.058976
q_ind_225_pop_4,0.046123,0.046467,0.015675,0.073643
q_ind_226_pop_4,0.018430,0.013840,0.000000,0.061325
q_ind_227_pop_4,0.009463,0.003465,0.000000,0.040510
q_ind_228_pop_4,0.001389,0.000082,0.000000,0.011832
q_ind_229_pop_4,0.041623,0.043689,0.000012,0.080760
q_ind_230_pop_4,0.060934,0.061401,0.029955,0.090049
q_ind_231_pop_4,0.016812,0.013989,0.000000,0.050796
q_ind_232_pop_4,0.043945,0.043807,0.010085,0.077395
q_ind_233_pop_4,0.000736,0.000054,0.000000,0.005569
q_ind_234_pop_4,0.000755,0.000043,0.000000,0.005872
q_ind_235_pop_4,0.002210,0.000152,0.000000,0.015875
q_ind_236_pop_4,0.000949,0.000055,0.000000,0.008080
q_ind_237_pop_4,0.002464,0.000101,0.000000,0.025119
q_ind_238_pop_4,0.001893,0.000154,0.000000,0.014265
q_ind_239_pop_4,0.000562,0.000034,0.000000,0.004403
q_ind_240_pop_4,0.000696,0.000041,0.000000,0.005415
q_ind_241_pop_4,0.004537,0.000898,0.000000,0.024290
q_ind_242_pop_4,0.027119,0.029123,0.000000,0.067750
q_ind_243_pop_4,0.001227,0.000070,0.000000,0.010031
q_ind_244_pop_4,0.017426,0.003852,0.000000,0.064026
q_ind_0_pop_5,0.576882,0.577705,0.503446,0.642462
q_ind_1_pop_5,0.674292,0.673727,0.606370,0.747034
q_ind_2_pop_5,0.819803,0.820537,0.756331,0.879843
q_ind_3_pop_5,0.816520,0.816421,0.750630,0.882038
q_ind_4_pop_5,0.479680,0.481310,0.443934,0.499996
q_ind_5_pop_5,0.790701,0.791373,0.725239,0.852298
q_ind_6_pop_5,0.809780,0.810538,0.748397,0.872119
q_ind_7_pop_5,0.793503,0.791292,0.733270,0.863488
q_ind_8_pop_5,0.768745,0.769061,0.700534,0.839082
q_ind_9_pop_5,0.870017,0.872075,0.807140,0.920935
q_ind_10_pop_5,0.811462,0.811667,0.749114,0.873805
q_ind_11_pop_5,0.807520,0.806440,0.749950,0.869136
q_ind_12_pop_5,0.008856,0.001669,0.000000,0.047198
q_ind_13_pop_5,0.002367,0.000223,0.000000,0.017013
q_ind_14_pop_5,0.001760,0.000134,0.000000,0.013224
q_ind_15_pop_5,0.020647,0.013870,0.000000,0.066888
q_ind_16_pop_5,0.003266,0.000239,0.000000,0.022817
q_ind_17_pop_5,0.019468,0.006260,0.000000,0.074098
q_ind_18_pop_5,0.003589,0.000271,0.000000,0.027494
q_ind_19_pop_5,0.065176,0.067434,0.000273,0.118669
q_ind_20_pop_5,0.003441,0.000332,0.000000,0.023748
q_ind_21_pop_5,0.003723,0.000403,0.000000,0.024510
q_ind_22_pop_5,0.004893,0.000585,0.000000,0.029607
q_ind_23_pop_5,0.036175,0.037285,0.000000,0.083070
q_ind_24_pop_5,0.014205,0.005331,0.000000,0.054786
q_ind_25_pop_5,0.001189,0.000066,0.000000,0.009875
q_ind_26_pop_5,0.004318,0.000361,0.000000,0.034553
q_ind_27_pop_5,0.003153,0.000332,0.000000,0.019304
q_ind_28_pop_5,0.003993,0.000394,0.000000,0.025112
q_ind_29_pop_5,0.003190,0.000176,0.000000,0.025850
q_ind_30_pop_5,0.494854,0.497309,0.475729,0.500002
q_ind_31_pop_5,0.490672,0.496026,0.450822,0.501210
q_ind_32_pop_5,0.482416,0.487367,0.440920,0.500016
q_ind_33_pop_5,0.491409,0.495895,0.460206,0.500021
q_ind_34_pop_5,0.492371,0.496562,0.463672,0.500368
q_ind_35_pop_5,0.495553,0.498823,0.473138,0.500004
q_ind_36_pop_5,0.487944,0.491559,0.458402,0.499992
q_ind_37_pop_5,0.497358,0.499244,0.479916,0.500116
q_ind_38_pop_5,0.283207,0.283590,0.229361,0.332093
q_ind_39_pop_5,0.453915,0.455833,0.405448,0.493626
q_ind_40_pop_5,0.408792,0.413562,0.344064,0.446673
q_ind_41_pop_5,0.000917,0.000051,0.000000,0.007522
q_ind_42_pop_5,0.002276,0.000186,0.000000,0.017651
q_ind_43_pop_5,0.001626,0.000111,0.000000,0.012362
q_ind_44_pop_5,0.001637,0.000086,0.000000,0.013268
q_ind_45_pop_5,0.001082,0.000065,0.000000,0.008398
q_ind_46_pop_5,0.001194,0.000068,0.000000,0.008894
q_ind_47_pop_5,0.001194,0.000073,0.000000,0.009649
q_ind_48_pop_5,0.001106,0.000053,0.000000,0.009941
q_ind_49_pop_5,0.000759,0.000043,0.000000,0.006151
q_ind_50_pop_5,0.001073,0.000073,0.000000,0.008634
q_ind_51_pop_5,0.000662,0.000032,0.000000,0.005507
q_ind_52_pop_5,0.000704,0.000040,0.000000,0.005570
q_ind_53_pop_5,0.001045,0.000063,0.000000,0.008043
q_ind_54_pop_5,0.000839,0.000051,0.000000,0.006518
q_ind_55_pop_5,0.000966,0.000070,0.000000,0.007601
q_ind_56_pop_5,0.011181,0.002318,0.000000,0.053059
q_ind_57_pop_5,0.000772,0.000043,0.000000,0.006173
q_ind_58_pop_5,0.001927,0.000097,0.000000,0.016510
q_ind_59_pop_5,0.001148,0.000060,0.000000,0.009819
q_ind_60_pop_5,0.001759,0.000150,0.000000,0.012601
q_ind_61_pop_5,0.001794,0.000136,0.000000,0.014051
q_ind_62_pop_5,0.006608,0.001194,0.000000,0.033841
q_ind_63_pop_5,0.000881,0.000058,0.000000,0.007086
q_ind_64_pop_5,0.005100,0.000597,0.000000,0.030744
q_ind_65_pop_5,0.004059,0.000482,0.000000,0.027569
q_ind_66_pop_5,0.043525,0.042880,0.007248,0.080086
q_ind_67_pop_5,0.001883,0.000143,0.000000,0.014704
q_ind_68_pop_5,0.074953,0.077991,0.000033,0.135804
q_ind_69_pop_5,0.082939,0.083579,0.033028,0.129541
q_ind_70_pop_5,0.002890,0.000138,0.000000,0.023451
q_ind_71_pop_5,0.009008,0.002584,0.000000,0.042795
q_ind_72_pop_5,0.010198,0.002528,0.000000,0.053412
q_ind_73_pop_5,0.038144,0.036200,0.000002,0.091485
q_ind_74_pop_5,0.098732,0.097863,0.054622,0.149761
q_ind_75_pop_5,0.003667,0.000365,0.000000,0.024026
q_ind_76_pop_5,0.096683,0.096418,0.041954,0.150396
q_ind_77_pop_5,0.065530,0.066922,0.000016,0.128176
q_ind_78_pop_5,0.107016,0.105533,0.056530,0.162850
q_ind_79_pop_5,0.132979,0.132491,0.084329,0.186933
q_ind_80_pop_5,0.120640,0.120645,0.071300,0.171860
q_ind_81_pop_5,0.113854,0.114263,0.066385,0.151124
q_ind_82_pop_5,0.081934,0.085582,0.028667,0.124589
q_ind_83_pop_5,0.115565,0.115421,0.087797,0.143755
q_ind_84_pop_5,0.100225,0.100302,0.070882,0.127409
q_ind_85_pop_5,0.118339,0.118327,0.061155,0.174665
q_ind_86_pop_5,0.093808,0.092027,0.037189,0.150657
q_ind_87_pop_5,0.153252,0.153835,0.092114,0.213505
q_ind_88_pop_5,0.163487,0.165952,0.104850,0.211068
q_ind_89_pop_5,0.125705,0.125714,0.057188,0.195673
q_ind_90_pop_5,0.108890,0.108785,0.066549,0.152268
q_ind_91_pop_5,0.136808,0.136913,0.076695,0.201015
q_ind_92_pop_5,0.155994,0.154850,0.091024,0.225151
q_ind_93_pop_5,0.122394,0.120156,0.057076,0.188454
q_ind_94_pop_5,0.143930,0.141874,0.088332,0.209273
q_ind_95_pop_5,0.001144,0.000068,0.000000,0.008873
q_ind_96_pop_5,0.001337,0.000087,0.000000,0.010091
q_ind_97_pop_5,0.006708,0.000339,0.000000,0.050859
q_ind_98_pop_5,0.110963,0.110626,0.066426,0.156210
q_ind_99_pop_5,0.000831,0.000057,0.000000,0.006168
q_ind_100_pop_5,0.000480,0.000029,0.000000,0.003855
q_ind_101_pop_5,0.000386,0.000019,0.000000,0.003174
q_ind_102_pop_5,0.000987,0.000064,0.000000,0.008027
q_ind_103_pop_5,0.000416,0.000025,0.000000,0.003423
q_ind_104_pop_5,0.053735,0.053946,0.000026,0.102727
q_ind_105_pop_5,0.002923,0.000175,0.000000,0.023349
q_ind_106_pop_5,0.259114,0.258715,0.194224,0.325918
q_ind_107_pop_5,0.299207,0.298250,0.243615,0.363465
q_ind_108_pop_5,0.269027,0.265432,0.202986,0.352137
q_ind_109_pop_5,0.233703,0.233080,0.180425,0.289566
q_ind_110_pop_5,0.260310,0.261077,0.216945,0.299286
q_ind_111_pop_5,0.250514,0.251465,0.180059,0.315823
q_ind_112_pop_5,0.297758,0.298556,0.235419,0.356243
q_ind_113_pop_5,0.250653,0.251630,0.176458,0.319183
q_ind_114_pop_5,0.002224,0.000198,0.000000,0.015728
q_ind_115_pop_5,0.002451,0.000180,0.000000,0.018034
q_ind_116_pop_5,0.001839,0.000089,0.000000,0.015786
q_ind_117_pop_5,0.001744,0.000098,0.000000,0.013982
q_ind_118_pop_5,0.001910,0.000116,0.000000,0.015141
q_ind_119_pop_5,0.000827,0.000047,0.000000,0.006716
q_ind_120_pop_5,0.004432,0.000951,0.000000,0.023110
q_ind_121_pop_5,0.001132,0.000124,0.000000,0.007622
q_ind_122_pop_5,0.002320,0.000272,0.000000,0.015392
q_ind_123_pop_5,0.098043,0.097333,0.053968,0.145292
q_ind_124_pop_5,0.131473,0.131693,0.076122,0.186551
q_ind_125_pop_5,0.105203,0.102884,0.066320,0.151670
q_ind_126_pop_5,0.091116,0.089978,0.030927,0.162242
q_ind_127_pop_5,0.074888,0.072982,0.041122,0.119660
q_ind_128_pop_5,0.072774,0.070023,0.025820,0.132787
q_ind_129_pop_5,0.136860,0.136694,0.075343,0.203310
q_ind_130_pop_5,0.185388,0.185880,0.129402,0.239148
q_ind_131_pop_5,0.294539,0.295357,0.241875,0.345602
q_ind_132_pop_5,0.002817,0.000122,0.000000,0.024066
q_ind_133_pop_5,0.012717,0.004233,0.000000,0.054176
q_ind_134_pop_5,0.023320,0.023555,0.000000,0.058931
q_ind_135_pop_5,0.007608,0.000691,0.000000,0.046490
q_ind_136_pop_5,0.019533,0.006007,0.000000,0.067748
q_ind_137_pop_5,0.183887,0.183423,0.135567,0.234198
q_ind_138_pop_5,0.037061,0.035409,0.000002,0.085611
q_ind_139_pop_5,0.010831,0.003951,0.000000,0.043921
q_ind_140_pop_5,0.010059,0.002537,0.000000,0.047013
q_ind_141_pop_5,0.006917,0.001382,0.000000,0.034530
q_ind_142_pop_5,0.050762,0.049955,0.024122,0.081065
q_ind_143_pop_5,0.006695,0.001024,0.000000,0.034164
q_ind_144_pop_5,0.002075,0.000226,0.000000,0.013977
q_ind_145_pop_5,0.003235,0.000250,0.000000,0.021384
q_ind_146_pop_5,0.004431,0.000706,0.000000,0.025263
q_ind_147_pop_5,0.014854,0.007945,0.000000,0.057572
q_ind_148_pop_5,0.054950,0.055479,0.003648,0.090967
q_ind_149_pop_5,0.003892,0.000532,0.000000,0.027309
q_ind_150_pop_5,0.001810,0.000123,0.000000,0.012783
q_ind_151_pop_5,0.002390,0.000171,0.000000,0.019752
q_ind_152_pop_5,0.002237,0.000192,0.000000,0.018321
q_ind_153_pop_5,0.007253,0.002766,0.000000,0.035889
q_ind_154_pop_5,0.099840,0.100173,0.058841,0.142508
q_ind_155_pop_5,0.804878,0.805460,0.746411,0.857088
q_ind_156_pop_5,0.884070,0.884893,0.844295,0.920351
q_ind_157_pop_5,0.875363,0.876354,0.817616,0.925443
q_ind_158_pop_5,0.826593,0.825991,0.774610,0.880085
q_ind_159_pop_5,0.812458,0.813688,0.761169,0.858732
q_ind_160_pop_5,0.860356,0.860320,0.824883,0.895602
q_ind_161_pop_5,0.853951,0.855059,0.805255,0.893949
q_ind_162_pop_5,0.864964,0.865093,0.824998,0.902404
q_ind_163_pop_5,0.865002,0.866060,0.815265,0.904516
q_ind_164_pop_5,0.363314,0.362186,0.297713,0.433334
q_ind_165_pop_5,0.336667,0.335955,0.278048,0.396944
q_ind_166_pop_5,0.318573,0.318031,0.253053,0.386583
q_ind_167_pop_5,0.019756,0.005941,0.000000,0.087352
q_ind_168_pop_5,0.257171,0.258593,0.206794,0.303174
q_ind_169_pop_5,0.003489,0.000402,0.000000,0.021576
q_ind_170_pop_5,0.003453,0.000259,0.000000,0.022174
q_ind_171_pop_5,0.001067,0.000078,0.000000,0.008663
q_ind_172_pop_5,0.000957,0.000065,0.000000,0.007509
q_ind_173_pop_5,0.001145,0.000074,0.000000,0.008843
q_ind_174_pop_5,0.107572,0.107743,0.052477,0.162066
q_ind_175_pop_5,0.308054,0.308989,0.262420,0.350176
q_ind_176_pop_5,0.298730,0.297664,0.254484,0.352367
q_ind_177_pop_5,0.215589,0.213584,0.173374,0.268594
q_ind_178_pop_5,0.280618,0.283202,0.215337,0.353518
q_ind_179_pop_5,0.251991,0.252653,0.186297,0.317211
q_ind_180_pop_5,0.276322,0.279285,0.198891,0.331810
q_ind_181_pop_5,0.248563,0.249009,0.178560,0.309992
q_ind_182_pop_5,0.254824,0.258000,0.178429,0.313196
q_ind_183_pop_5,0.260686,0.262200,0.201698,0.308530
q_ind_184_pop_5,0.004632,0.000460,0.000000,0.031062
q_ind_185_pop_5,0.003279,0.000361,0.000000,0.021845
q_ind_186_pop_5,0.006838,0.000805,0.000000,0.039917
q_ind_187_pop_5,0.005828,0.000832,0.000000,0.034565
q_ind_188_pop_5,0.003156,0.000229,0.000000,0.020865
q_ind_189_pop_5,0.045354,0.046783,0.000003,0.096237
q_ind_190_pop_5,0.005584,0.000410,0.000000,0.038470
q_ind_191_pop_5,0.352835,0.352826,0.301422,0.405502
q_ind_192_pop_5,0.360595,0.361754,0.303535,0.407525
q_ind_193_pop_5,0.000364,0.000014,0.000000,0.003197
q_ind_194_pop_5,0.361668,0.362602,0.318937,0.400381
q_ind_195_pop_5,0.000269,0.000015,0.000000,0.002213
q_ind_196_pop_5,0.000331,0.000016,0.000000,0.003058
q_ind_197_pop_5,0.000775,0.000036,0.000000,0.006885
q_ind_198_pop_5,0.372872,0.373771,0.326534,0.411882
q_ind_199_pop_5,0.000568,0.000022,0.000000,0.004546
q_ind_200_pop_5,0.124069,0.124442,0.082085,0.164984
q_ind_201_pop_5,0.359450,0.360173,0.316297,0.399582
q_ind_202_pop_5,0.768423,0.769344,0.703994,0.826532
q_ind_203_pop_5,0.768542,0.768686,0.716465,0.818414
q_ind_204_pop_5,0.771729,0.771963,0.715766,0.825165
q_ind_205_pop_5,0.803362,0.802841,0.756555,0.851023
q_ind_206_pop_5,0.693976,0.694918,0.633038,0.749977
q_ind_207_pop_5,0.404836,0.405466,0.369097,0.436011
q_ind_208_pop_5,0.747638,0.749063,0.685691,0.801875
q_ind_209_pop_5,0.622830,0.621356,0.560759,0.691387
q_ind_210_pop_5,0.748516,0.749363,0.687803,0.803138
q_ind_211_pop_5,0.244848,0.245790,0.190949,0.296715
q_ind_212_pop_5,0.020441,0.015406,0.000000,0.067656
q_ind_213_pop_5,0.028058,0.026436,0.000000,0.084934
q_ind_214_pop_5,0.079600,0.084560,0.000005,0.143558
q_ind_215_pop_5,0.062082,0.062131,0.000006,0.125384
q_ind_216_pop_5,0.006814,0.000539,0.000000,0.048904
q_ind_217_pop_5,0.045380,0.046359,0.000000,0.113229
q_ind_218_pop_5,0.061905,0.065431,0.000098,0.112870
q_ind_219_pop_5,0.027983,0.026944,0.000000,0.075466
q_ind_220_pop_5,0.067285,0.066972,0.025649,0.109405
q_ind_221_pop_5,0.074753,0.076345,0.025941,0.122139
q_ind_222_pop_5,0.459837,0.460216,0.423824,0.494922
q_ind_223_pop_5,0.298820,0.301163,0.234459,0.350271
q_ind_224_pop_5,0.561726,0.563050,0.502546,0.616571
q_ind_225_pop_5,0.444828,0.446279,0.403101,0.477897
q_ind_226_pop_5,0.567338,0.567591,0.498933,0.634408
q_ind_227_pop_5,0.603211,0.603331,0.550556,0.654905
q_ind_228_pop_5,0.623983,0.623144,0.568232,0.679413
q_ind_229_pop_5,0.591785,0.592529,0.527409,0.655238
q_ind_230_pop_5,0.437487,0.436890,0.407985,0.469747
q_ind_231_pop_5,0.475081,0.476749,0.433742,0.506411
q_ind_232_pop_5,0.545968,0.546212,0.488827,0.603991
q_ind_233_pop_5,0.000679,0.000046,0.000000,0.005197
q_ind_234_pop_5,0.007296,0.000597,0.000000,0.043038
q_ind_235_pop_5,0.002249,0.000203,0.000000,0.016097
q_ind_236_pop_5,0.000927,0.000065,0.000000,0.007886
q_ind_237_pop_5,0.013636,0.002114,0.000000,0.064177
q_ind_238_pop_5,0.001386,0.000108,0.000000,0.010644
q_ind_239_pop_5,0.096116,0.096011,0.058284,0.133441
q_ind_240_pop_5,0.001305,0.000079,0.000000,0.010160
q_ind_241_pop_5,0.004205,0.000550,0.000000,0.029873
q_ind_242_pop_5,0.022345,0.000812,0.000000,0.106033
q_ind_243_pop_5,0.001861,0.000100,0.000000,0.016684
q_ind_244_pop_5,0.062432,0.072813,0.000000,0.137096
q_ind_0_pop_6,0.000801,0.000059,0.000000,0.006545
q_ind_1_pop_6,0.000909,0.000046,0.000000,0.007367
q_ind_2_pop_6,0.000995,0.000068,0.000000,0.008025
q_ind_3_pop_6,0.001370,0.000086,0.000000,0.010584
q_ind_4_pop_6,0.024408,0.024464,0.000000,0.056756
q_ind_5_pop_6,0.003184,0.000457,0.000000,0.017874
q_ind_6_pop_6,0.000437,0.000026,0.000000,0.003426
q_ind_7_pop_6,0.001149,0.000081,0.000000,0.009498
q_ind_8_pop_6,0.001306,0.000106,0.000000,0.009951
q_ind_9_pop_6,0.000630,0.000032,0.000000,0.005483
q_ind_10_pop_6,0.003629,0.000572,0.000000,0.020722
q_ind_11_pop_6,0.002312,0.000167,0.000000,0.016230
q_ind_12_pop_6,0.437796,0.437759,0.400103,0.477078
q_ind_13_pop_6,0.418735,0.418673,0.377783,0.457630
q_ind_14_pop_6,0.420353,0.420331,0.378484,0.461120
q_ind_15_pop_6,0.424055,0.425401,0.379267,0.464496
q_ind_16_pop_6,0.418596,0.418497,0.383121,0.454181
q_ind_17_pop_6,0.459782,0.458581,0.419662,0.499963
q_ind_18_pop_6,0.434988,0.435225,0.396386,0.472260
q_ind_19_pop_6,0.447011,0.448086,0.413462,0.472720
q_ind_20_pop_6,0.025894,0.025271,0.000000,0.066331
q_ind_21_pop_6,0.008189,0.003142,0.000000,0.033776
q_ind_22_pop_6,0.002153,0.000187,0.000000,0.015783
q_ind_23_pop_6,0.018540,0.014098,0.000000,0.057336
q_ind_24_pop_6,0.016099,0.013364,0.000000,0.047811
q_ind_25_pop_6,0.001080,0.000056,0.000000,0.009560
q_ind_26_pop_6,0.003108,0.000336,0.000000,0.018559
q_ind_27_pop_6,0.003380,0.000415,0.000000,0.021541
q_ind_28_pop_6,0.015026,0.013919,0.000000,0.042527
q_ind_29_pop_6,0.002812,0.000200,0.000000,0.019357
q_ind_30_pop_6,0.000995,0.000071,0.000000,0.007229
q_ind_31_pop_6,0.003178,0.000227,0.000000,0.022697
q_ind_32_pop_6,0.001777,0.000130,0.000000,0.013681
q_ind_33_pop_6,0.000710,0.000040,0.000000,0.005634
q_ind_34_pop_6,0.001212,0.000052,0.000000,0.009796
q_ind_35_pop_6,0.000563,0.000029,0.000000,0.004653
q_ind_36_pop_6,0.004462,0.001145,0.000000,0.024033
q_ind_37_pop_6,0.000505,0.000029,0.000000,0.004065
q_ind_38_pop_6,0.093978,0.093210,0.060866,0.131050
q_ind_39_pop_6,0.008332,0.002095,0.000000,0.036131
q_ind_40_pop_6,0.003239,0.000403,0.000000,0.019723
q_ind_41_pop_6,0.312308,0.312452,0.264705,0.360475
q_ind_42_pop_6,0.320616,0.320623,0.273819,0.367102
q_ind_43_pop_6,0.318694,0.319296,0.267838,0.369068
q_ind_44_pop_6,0.339215,0.339038,0.288295,0.390105
q_ind_45_pop_6,0.318096,0.317845,0.267967,0.367201
q_ind_46_pop_6,0.341303,0.341314,0.289379,0.391987
q_ind_47_pop_6,0.323468,0.322580,0.272435,0.377573
q_ind_48_pop_6,0.366213,0.365388,0.316933,0.416044
q_ind_49_pop_6,0.342738,0.342829,0.294788,0.391731
q_ind_50_pop_6,0.504903,0.499419,0.485876,0.546480
q_ind_51_pop_6,0.533120,0.534792,0.494355,0.578601
q_ind_52_pop_6,0.571218,0.570786,0.535987,0.608715
q_ind_53_pop_6,0.558816,0.557734,0.520600,0.599293
q_ind_54_pop_6,0.556570,0.558886,0.498878,0.595576
q_ind_55_pop_6,0.548211,0.550495,0.495774,0.592396
q_ind_56_pop_6,0.358317,0.359269,0.314985,0.395773
q_ind_57_pop_6,0.565827,0.565267,0.531307,0.603476
q_ind_58_pop_6,0.571284,0.571305,0.526855,0.616758
q_ind_59_pop_6,0.536316,0.536547,0.495771,0.579069
q_ind_60_pop_6,0.572343,0.575058,0.499075,0.617785
q_ind_61_pop_6,0.586691,0.586878,0.541374,0.632430
q_ind_62_pop_6,0.000422,0.000027,0.000000,0.003444
q_ind_63_pop_6,0.000502,0.000030,0.000000,0.004256
q_ind_64_pop_6,0.001018,0.000060,0.000000,0.008376
q_ind_65_pop_6,0.000624,0.000036,0.000000,0.004857
q_ind_66_pop_6,0.000384,0.000019,0.000000,0.003241
q_ind_67_pop_6,0.005135,0.000877,0.000000,0.027317
q_ind_68_pop_6,0.008185,0.003286,0.000000,0.033946
q_ind_69_pop_6,0.067069,0.066860,0.031222,0.102574
q_ind_70_pop_6,0.065109,0.064171,0.031444,0.102768
q_ind_71_pop_6,0.058494,0.058286,0.027871,0.092536
q_ind_72_pop_6,0.035526,0.034287,0.003828,0.076626
q_ind_73_pop_6,0.040088,0.041099,0.000000,0.087798
q_ind_74_pop_6,0.099279,0.099067,0.065968,0.132852
q_ind_75_pop_6,0.020416,0.016917,0.000000,0.063417
q_ind_76_pop_6,0.000753,0.000043,0.000000,0.006246
q_ind_77_pop_6,0.000951,0.000064,0.000000,0.007362
q_ind_78_pop_6,0.001696,0.000130,0.000000,0.011472
q_ind_79_pop_6,0.001000,0.000073,0.000000,0.007218
q_ind_80_pop_6,0.004350,0.000823,0.000000,0.024117
q_ind_81_pop_6,0.001866,0.000137,0.000000,0.014747
q_ind_82_pop_6,0.001163,0.000075,0.000000,0.009186
q_ind_83_pop_6,0.001029,0.000058,0.000000,0.008232
q_ind_84_pop_6,0.001355,0.000095,0.000000,0.009953
q_ind_85_pop_6,0.001064,0.000090,0.000000,0.007956
q_ind_86_pop_6,0.003584,0.000500,0.000000,0.019987
q_ind_87_pop_6,0.132358,0.132235,0.081402,0.185168
q_ind_88_pop_6,0.156483,0.156040,0.112827,0.200251
q_ind_89_pop_6,0.199549,0.199224,0.146998,0.255096
q_ind_90_pop_6,0.165632,0.165365,0.123183,0.209237
q_ind_91_pop_6,0.161937,0.160815,0.122331,0.209468
q_ind_92_pop_6,0.161540,0.160094,0.124371,0.206468
q_ind_93_pop_6,0.136381,0.136253,0.097728,0.173834
q_ind_94_pop_6,0.167610,0.167476,0.119998,0.219113
q_ind_95_pop_6,0.984757,0.986591,0.958740,0.999734
q_ind_96_pop_6,0.971786,0.972248,0.940621,0.998661
q_ind_97_pop_6,0.496100,0.498361,0.480712,0.500000
q_ind_98_pop_6,0.495313,0.497954,0.474854,0.500000
q_ind_99_pop_6,0.994018,0.996189,0.976796,0.999976
q_ind_100_pop_6,0.997048,0.998353,0.987349,0.999989
q_ind_101_pop_6,0.997177,0.998474,0.987785,0.999990
q_ind_102_pop_6,0.994613,0.996426,0.979748,0.999966
q_ind_103_pop_6,0.997743,0.998674,0.990533,0.999990
q_ind_104_pop_6,0.491096,0.496234,0.464061,0.499999
q_ind_105_pop_6,0.923840,0.924273,0.885736,0.957916
q_ind_106_pop_6,0.001987,0.000147,0.000000,0.017280
q_ind_107_pop_6,0.010895,0.004282,0.000000,0.043925
q_ind_108_pop_6,0.005350,0.000360,0.000000,0.035964
q_ind_109_pop_6,0.009868,0.004566,0.000000,0.041411
q_ind_110_pop_6,0.012256,0.007234,0.000000,0.045941
q_ind_111_pop_6,0.115479,0.115524,0.074748,0.155117
q_ind_112_pop_6,0.003492,0.000264,0.000000,0.026024
q_ind_113_pop_6,0.030086,0.029085,0.000001,0.075755
q_ind_114_pop_6,0.866133,0.866197,0.823131,0.908087
q_ind_115_pop_6,0.956359,0.955879,0.917700,0.998047
q_ind_116_pop_6,0.962812,0.962240,0.928343,0.996751
q_ind_117_pop_6,0.907478,0.907188,0.870187,0.944884
q_ind_118_pop_6,0.971180,0.972732,0.932784,0.999206
q_ind_119_pop_6,0.987201,0.990218,0.958677,0.999926
q_ind_120_pop_6,0.954708,0.955237,0.919538,0.986288
q_ind_121_pop_6,0.991183,0.993674,0.969296,0.999941
q_ind_122_pop_6,0.983070,0.985646,0.950489,0.999882
q_ind_123_pop_6,0.687303,0.686850,0.644455,0.730380
q_ind_124_pop_6,0.001616,0.000118,0.000000,0.011691
q_ind_125_pop_6,0.007251,0.001237,0.000000,0.044825
q_ind_126_pop_6,0.040235,0.040929,0.008914,0.067199
q_ind_127_pop_6,0.015147,0.008229,0.000000,0.054480
q_ind_128_pop_6,0.005497,0.001016,0.000000,0.030360
q_ind_129_pop_6,0.015595,0.010594,0.000000,0.052908
q_ind_130_pop_6,0.097995,0.098990,0.052157,0.136729
q_ind_131_pop_6,0.054182,0.053709,0.025717,0.085310
q_ind_132_pop_6,0.001743,0.000136,0.000000,0.012584
q_ind_133_pop_6,0.011576,0.007499,0.000000,0.043038
q_ind_134_pop_6,0.002802,0.000298,0.000000,0.018143
q_ind_135_pop_6,0.014544,0.010171,0.000000,0.049106
q_ind_136_pop_6,0.004584,0.001054,0.000000,0.025259
q_ind_137_pop_6,0.001831,0.000119,0.000000,0.015632
q_ind_138_pop_6,0.021909,0.021873,0.000000,0.057404
q_ind_139_pop_6,0.044518,0.043954,0.016280,0.074519
q_ind_140_pop_6,0.004357,0.000481,0.000000,0.030824
q_ind_141_pop_6,0.135379,0.134514,0.099844,0.173589
q_ind_142_pop_6,0.004349,0.000293,0.000000,0.031150
q_ind_143_pop_6,0.003445,0.000488,0.000000,0.022265
q_ind_144_pop_6,0.000678,0.000044,0.000000,0.005411
q_ind_145_pop_6,0.004837,0.000542,0.000000,0.027756
q_ind_146_pop_6,0.003049,0.000461,0.000000,0.018228
q_ind_147_pop_6,0.003032,0.000508,0.000000,0.018289
q_ind_148_pop_6,0.054217,0.053688,0.029833,0.081313
q_ind_149_pop_6,0.001613,0.000100,0.000000,0.012177
q_ind_150_pop_6,0.001294,0.000112,0.000000,0.009203
q_ind_151_pop_6,0.001400,0.000160,0.000000,0.008645
q_ind_152_pop_6,0.000893,0.000061,0.000000,0.006707
q_ind_153_pop_6,0.004244,0.001552,0.000000,0.021580
q_ind_154_pop_6,0.056855,0.056601,0.027808,0.087605
q_ind_155_pop_6,0.001309,0.000084,0.000000,0.010358
q_ind_156_pop_6,0.003716,0.000797,0.000000,0.020315
q_ind_157_pop_6,0.001759,0.000149,0.000000,0.012734
q_ind_158_pop_6,0.001155,0.000061,0.000000,0.009427
q_ind_159_pop_6,0.000664,0.000038,0.000000,0.005299
q_ind_160_pop_6,0.000513,0.000032,0.000000,0.004028
q_ind_161_pop_6,0.001265,0.000090,0.000000,0.010090
q_ind_162_pop_6,0.000649,0.000037,0.000000,0.005437
q_ind_163_pop_6,0.001439,0.000137,0.000000,0.010028
q_ind_164_pop_6,0.002454,0.000241,0.000000,0.016485
q_ind_165_pop_6,0.001973,0.000134,0.000000,0.015317
q_ind_166_pop_6,0.001960,0.000099,0.000000,0.016880
q_ind_167_pop_6,0.076870,0.076890,0.034850,0.117842
q_ind_168_pop_6,0.005425,0.000675,0.000000,0.032313
q_ind_169_pop_6,0.003628,0.000416,0.000000,0.025938
q_ind_170_pop_6,0.002716,0.000211,0.000000,0.020598
q_ind_171_pop_6,0.006587,0.002427,0.000000,0.030252
q_ind_172_pop_6,0.092828,0.092825,0.054529,0.132131
q_ind_173_pop_6,0.002251,0.000129,0.000000,0.018382
q_ind_174_pop_6,0.025880,0.024127,0.000000,0.073911
q_ind_175_pop_6,0.038850,0.038489,0.012345,0.069016
q_ind_176_pop_6,0.001092,0.000078,0.000000,0.008750
q_ind_177_pop_6,0.001003,0.000064,0.000000,0.008032
q_ind_178_pop_6,0.001067,0.000075,0.000000,0.008665
q_ind_179_pop_6,0.000672,0.000048,0.000000,0.005378
q_ind_180_pop_6,0.034071,0.034180,0.001049,0.067484
q_ind_181_pop_6,0.001132,0.000069,0.000000,0.008428
q_ind_182_pop_6,0.000735,0.000040,0.000000,0.006532
q_ind_183_pop_6,0.003708,0.000506,0.000000,0.023230
q_ind_184_pop_6,0.002827,0.000210,0.000000,0.021385
q_ind_185_pop_6,0.014628,0.010672,0.000000,0.048580
q_ind_186_pop_6,0.011796,0.005197,0.000000,0.046853
q_ind_187_pop_6,0.021337,0.019892,0.000000,0.059493
q_ind_188_pop_6,0.002405,0.000159,0.000000,0.017558
q_ind_189_pop_6,0.007704,0.001961,0.000000,0.039921
q_ind_190_pop_6,0.003263,0.000238,0.000000,0.026031
q_ind_191_pop_6,0.001421,0.000056,0.000000,0.014904
q_ind_192_pop_6,0.001780,0.000144,0.000000,0.012380
q_ind_193_pop_6,0.000168,0.000010,0.000000,0.001385
q_ind_194_pop_6,0.000525,0.000031,0.000000,0.004295
q_ind_195_pop_6,0.000214,0.000014,0.000000,0.001717
q_ind_196_pop_6,0.000205,0.000012,0.000000,0.001673
q_ind_197_pop_6,0.000175,0.000010,0.000000,0.001405
q_ind_198_pop_6,0.000493,0.000032,0.000000,0.003737
q_ind_199_pop_6,0.000250,0.000016,0.000000,0.002040
q_ind_200_pop_6,0.059401,0.059608,0.031763,0.086952
q_ind_201_pop_6,0.000665,0.000043,0.000000,0.005197
q_ind_202_pop_6,0.001138,0.000076,0.000000,0.008988
q_ind_203_pop_6,0.001735,0.000132,0.000000,0.012572
q_ind_204_pop_6,0.003029,0.000342,0.000000,0.019895
q_ind_205_pop_6,0.002259,0.000306,0.000000,0.013734
q_ind_206_pop_6,0.009318,0.004119,0.000000,0.039774
q_ind_207_pop_6,0.010428,0.005101,0.000000,0.039735
q_ind_208_pop_6,0.001193,0.000058,0.000000,0.010791
q_ind_209_pop_6,0.001038,0.000053,0.000000,0.009093
q_ind_210_pop_6,0.001540,0.000088,0.000000,0.012846
q_ind_211_pop_6,0.246604,0.247182,0.199381,0.290135
q_ind_212_pop_6,0.040959,0.040325,0.006261,0.080695
q_ind_213_pop_6,0.026112,0.025515,0.000000,0.061573
q_ind_214_pop_6,0.006695,0.001107,0.000000,0.038467
q_ind_215_pop_6,0.012428,0.006124,0.000000,0.047064
q_ind_216_pop_6,0.002445,0.000158,0.000000,0.020476
q_ind_217_pop_6,0.070788,0.070196,0.032399,0.110666
q_ind_218_pop_6,0.019144,0.016176,0.000000,0.055385
q_ind_219_pop_6,0.049505,0.047604,0.020459,0.086528
q_ind_220_pop_6,0.068207,0.067701,0.036515,0.100479
q_ind_221_pop_6,0.015592,0.007933,0.000000,0.060370
q_ind_222_pop_6,0.062966,0.062498,0.028763,0.099271
q_ind_223_pop_6,0.166363,0.166002,0.131275,0.205497
q_ind_224_pop_6,0.062959,0.062731,0.036672,0.090896
q_ind_225_pop_6,0.061832,0.060213,0.030723,0.101633
q_ind_226_pop_6,0.069988,0.068697,0.033668,0.113925
q_ind_227_pop_6,0.060645,0.059708,0.029741,0.095964
q_ind_228_pop_6,0.037189,0.036902,0.008471,0.069678
q_ind_229_pop_6,0.074629,0.073688,0.042620,0.111975
q_ind_230_pop_6,0.065499,0.064565,0.039240,0.097438
q_ind_231_pop_6,0.166768,0.166785,0.128310,0.203552
q_ind_232_pop_6,0.064231,0.063483,0.040890,0.092260
q_ind_233_pop_6,0.087562,0.087393,0.053216,0.122643
q_ind_234_pop_6,0.070681,0.068268,0.037264,0.111218
q_ind_235_pop_6,0.079818,0.079097,0.044642,0.117478
q_ind_236_pop_6,0.079569,0.079203,0.046945,0.114703
q_ind_237_pop_6,0.088880,0.088484,0.052144,0.127826
q_ind_238_pop_6,0.096247,0.095269,0.061911,0.135170
q_ind_239_pop_6,0.146571,0.146167,0.106284,0.189048
q_ind_240_pop_6,0.081137,0.080662,0.044915,0.119555
q_ind_241_pop_6,0.098200,0.098470,0.056334,0.139524
q_ind_242_pop_6,0.104720,0.104902,0.062606,0.144853
q_ind_243_pop_6,0.082823,0.082803,0.044023,0.121559
q_ind_244_pop_6,0.118780,0.119212,0.075552,0.161848
