param,mean,median,ci_0.950_LB,ci_0.950_UB
Q_ind_1_anc_1-1,0.000513,0.000005,0.000000,0.004992
Q_ind_2_anc_1-1,0.001088,0.000009,0.000000,0.010157
Q_ind_3_anc_1-1,0.006403,0.000201,0.000000,0.045804
Q_ind_4_anc_1-1,0.007999,0.000316,0.000000,0.052471
Q_ind_5_anc_1-1,0.000269,0.000003,0.000000,0.002573
Q_ind_6_anc_1-1,0.007357,0.000200,0.000000,0.054912
Q_ind_7_anc_1-1,0.028456,0.026146,0.000000,0.077790
Q_ind_8_anc_1-1,0.001962,0.000022,0.000000,0.017130
Q_ind_9_anc_1-1,0.073734,0.073811,0.013303,0.134443
Q_ind_10_anc_1-1,0.010879,0.001835,0.000000,0.050790
Q_ind_11_anc_1-1,0.002796,0.000046,0.000000,0.024084
Q_ind_12_anc_1-1,0.012420,0.005180,0.000000,0.055024
Q_ind_13_anc_1-1,0.000928,0.000009,0.000000,0.008430
Q_ind_14_anc_1-1,0.000887,0.000010,0.000000,0.008008
Q_ind_15_anc_1-1,0.000915,0.000010,0.000000,0.008950
Q_ind_16_anc_1-1,0.000804,0.000011,0.000000,0.006796
Q_ind_17_anc_1-1,0.000643,0.000007,0.000000,0.006026
Q_ind_18_anc_1-1,0.001475,0.000017,0.000000,0.012687
Q_ind_19_anc_1-1,0.000558,0.000004,0.000000,0.005555
Q_ind_20_anc_1-1,0.000215,0.000002,0.000000,0.002035
Q_ind_21_anc_1-1,0.001071,0.000013,0.000000,0.009508
Q_ind_22_anc_1-1,0.003438,0.000090,0.000000,0.026935
Q_ind_23_anc_1-1,0.004625,0.000240,0.000000,0.027864
Q_ind_24_anc_1-1,0.000788,0.000009,0.000000,0.007269
Q_ind_25_anc_1-1,0.000991,0.000013,0.000000,0.008886
Q_ind_26_anc_1-1,0.003684,0.000097,0.000000,0.026726
Q_ind_27_anc_1-1,0.001191,0.000018,0.000000,0.010436
Q_ind_28_anc_1-1,0.002629,0.000061,0.000000,0.019095
Q_ind_29_anc_1-1,0.001945,0.000024,0.000000,0.017559
Q_ind_30_anc_1-1,0.000710,0.000007,0.000000,0.006282
Q_ind_31_anc_1-1,0.000618,0.000005,0.000000,0.005965
Q_ind_32_anc_1-1,0.001992,0.000025,0.000000,0.017244
Q_ind_33_anc_1-1,0.001501,0.000017,0.000000,0.013989
Q_ind_34_anc_1-1,0.005584,0.000573,0.000000,0.034769
Q_ind_35_anc_1-1,0.008184,0.002063,0.000000,0.040445
Q_ind_36_anc_1-1,0.000734,0.000008,0.000000,0.006991
Q_ind_37_anc_1-1,0.001094,0.000009,0.000000,0.009695
Q_ind_38_anc_1-1,0.000803,0.000009,0.000000,0.007480
Q_ind_39_anc_1-1,0.000245,0.000002,0.000000,0.002384
Q_ind_40_anc_1-1,0.001043,0.000010,0.000000,0.010344
Q_ind_41_anc_1-1,0.000670,0.000007,0.000000,0.006129
Q_ind_42_anc_1-1,0.009712,0.004107,0.000000,0.038963
Q_ind_43_anc_1-1,0.002664,0.000083,0.000000,0.019178
Q_ind_44_anc_1-1,0.001532,0.000018,0.000000,0.012810
Q_ind_45_anc_1-1,0.007387,0.001060,0.000000,0.036973
Q_ind_46_anc_1-1,0.000600,0.000005,0.000000,0.005993
Q_ind_47_anc_1-1,0.002428,0.000028,0.000000,0.023738
Q_ind_48_anc_1-1,0.005634,0.000173,0.000000,0.037018
Q_ind_49_anc_1-1,0.005047,0.000249,0.000000,0.030308
Q_ind_50_anc_1-1,0.004249,0.001230,0.000000,0.020476
Q_ind_51_anc_1-1,0.000823,0.000014,0.000000,0.006874
Q_ind_52_anc_1-1,0.000525,0.000005,0.000000,0.004763
Q_ind_53_anc_1-1,0.000581,0.000007,0.000000,0.005166
Q_ind_54_anc_1-1,0.000453,0.000004,0.000000,0.004335
Q_ind_55_anc_1-1,0.000370,0.000004,0.000000,0.003580
Q_ind_56_anc_1-1,0.001606,0.000120,0.000000,0.010349
Q_ind_57_anc_1-1,0.000270,0.000003,0.000000,0.002575
Q_ind_58_anc_1-1,0.000676,0.000007,0.000000,0.006120
Q_ind_59_anc_1-1,0.001088,0.000007,0.000000,0.011680
Q_ind_60_anc_1-1,0.000351,0.000003,0.000000,0.003351
Q_ind_61_anc_1-1,0.000499,0.000005,0.000000,0.005037
Q_ind_62_anc_1-1,0.001273,0.000018,0.000000,0.011531
Q_ind_63_anc_1-1,0.992989,0.996236,0.970414,0.999989
Q_ind_64_anc_1-1,0.997106,0.998647,0.985380,0.999995
Q_ind_65_anc_1-1,0.994568,0.996276,0.980094,0.999984
Q_ind_66_anc_1-1,0.995863,0.997714,0.982381,0.999993
Q_ind_67_anc_1-1,0.831080,0.837412,0.746395,0.884182
Q_ind_68_anc_1-1,0.000390,0.000004,0.000000,0.003788
Q_ind_69_anc_1-1,0.000695,0.000006,0.000000,0.006818
Q_ind_70_anc_1-1,0.000313,0.000003,0.000000,0.003085
Q_ind_71_anc_1-1,0.000684,0.000006,0.000000,0.006469
Q_ind_72_anc_1-1,0.001180,0.000016,0.000000,0.010452
Q_ind_73_anc_1-1,0.000492,0.000005,0.000000,0.004399
Q_ind_74_anc_1-1,0.001184,0.000011,0.000000,0.011576
Q_ind_75_anc_1-1,0.000335,0.000004,0.000000,0.003203
Q_ind_76_anc_1-1,0.000483,0.000005,0.000000,0.004381
Q_ind_77_anc_1-1,0.001813,0.000013,0.000000,0.017661
Q_ind_78_anc_1-1,0.003054,0.000054,0.000000,0.024229
Q_ind_79_anc_1-1,0.000939,0.000008,0.000000,0.009109
Q_ind_80_anc_1-1,0.003226,0.000214,0.000000,0.020552
Q_ind_81_anc_1-1,0.001231,0.000011,0.000000,0.011792
Q_ind_82_anc_1-1,0.009331,0.000773,0.000000,0.058074
Q_ind_83_anc_1-1,0.002910,0.000040,0.000000,0.026395
Q_ind_84_anc_1-1,0.002110,0.000029,0.000000,0.018995
Q_ind_85_anc_1-1,0.001139,0.000012,0.000000,0.009640
Q_ind_86_anc_1-1,0.004421,0.000144,0.000000,0.030214
Q_ind_87_anc_1-1,0.002478,0.000027,0.000000,0.022830
Q_ind_88_anc_1-1,0.242462,0.242745,0.167649,0.314465
Q_ind_89_anc_1-1,0.218759,0.219390,0.152845,0.283667
Q_ind_90_anc_1-1,0.198312,0.198817,0.120268,0.276285
Q_ind_91_anc_1-1,0.142908,0.142831,0.075543,0.207421
Q_ind_92_anc_1-1,0.236577,0.236925,0.152545,0.318135
Q_ind_93_anc_1-1,0.140450,0.140965,0.072398,0.212001
Q_ind_94_anc_1-1,0.001089,0.000011,0.000000,0.010439
Q_ind_95_anc_1-1,0.108510,0.108443,0.017482,0.192769
Q_ind_96_anc_1-1,0.004377,0.000360,0.000000,0.022998
Q_ind_97_anc_1-1,0.003882,0.000106,0.000000,0.025876
Q_ind_98_anc_1-1,0.000176,0.000001,0.000000,0.001696
Q_ind_99_anc_1-1,0.000215,0.000002,0.000000,0.002025
Q_ind_100_anc_1-1,0.003352,0.000113,0.000000,0.023547
Q_ind_101_anc_1-1,0.001314,0.000015,0.000000,0.011960
Q_ind_102_anc_1-1,0.000777,0.000010,0.000000,0.006820
Q_ind_103_anc_1-1,0.005408,0.000815,0.000000,0.027437
Q_ind_104_anc_1-1,0.001047,0.000013,0.000000,0.009951
Q_ind_105_anc_1-1,0.000159,0.000001,0.000000,0.001530
Q_ind_106_anc_1-1,0.006258,0.000571,0.000000,0.033096
Q_ind_107_anc_1-1,0.001107,0.000007,0.000000,0.010988
Q_ind_108_anc_1-1,0.005296,0.000533,0.000000,0.029892
Q_ind_109_anc_1-1,0.004604,0.000161,0.000000,0.028679
Q_ind_110_anc_1-1,0.010706,0.009435,0.000000,0.031409
Q_ind_111_anc_1-1,0.001506,0.000018,0.000000,0.012692
Q_ind_112_anc_1-1,0.001003,0.000009,0.000000,0.009033
Q_ind_113_anc_1-1,0.002435,0.000040,0.000000,0.021689
Q_ind_114_anc_1-1,0.006490,0.000608,0.000000,0.034978
Q_ind_115_anc_1-1,0.026900,0.027370,0.000000,0.058271
Q_ind_116_anc_1-1,0.002341,0.000049,0.000000,0.018034
Q_ind_117_anc_1-1,0.001586,0.000027,0.000000,0.013382
Q_ind_118_anc_1-1,0.000935,0.000016,0.000000,0.008375
Q_ind_119_anc_1-1,0.005212,0.000575,0.000000,0.028453
Q_ind_120_anc_1-1,0.001407,0.000019,0.000000,0.011706
Q_ind_121_anc_1-1,0.005150,0.000262,0.000000,0.029737
Q_ind_122_anc_1-1,0.002743,0.000115,0.000000,0.018923
Q_ind_123_anc_1-1,0.005694,0.000702,0.000000,0.029875
Q_ind_124_anc_1-1,0.000742,0.000007,0.000000,0.006914
Q_ind_125_anc_1-1,0.002188,0.000039,0.000000,0.018122
Q_ind_126_anc_1-1,0.009530,0.000769,0.000000,0.055758
Q_ind_127_anc_1-1,0.001939,0.000026,0.000000,0.017106
Q_ind_128_anc_1-1,0.002512,0.000026,0.000000,0.023209
Q_ind_129_anc_1-1,0.028408,0.027448,0.000000,0.071507
Q_ind_130_anc_1-1,0.001611,0.000013,0.000000,0.016479
Q_ind_131_anc_1-1,0.000445,0.000004,0.000000,0.004488
Q_ind_132_anc_1-1,0.000175,0.000002,0.000000,0.001645
Q_ind_133_anc_1-1,0.000503,0.000005,0.000000,0.004673
Q_ind_134_anc_1-1,0.000441,0.000004,0.000000,0.004238
Q_ind_135_anc_1-1,0.000846,0.000008,0.000000,0.008505
Q_ind_136_anc_1-1,0.000551,0.000005,0.000000,0.005323
Q_ind_137_anc_1-1,0.001015,0.000016,0.000000,0.008873
Q_ind_138_anc_1-1,0.000231,0.000002,0.000000,0.002375
Q_ind_139_anc_1-1,0.000367,0.000003,0.000000,0.003466
Q_ind_140_anc_1-1,0.002282,0.000076,0.000000,0.015396
Q_ind_141_anc_1-1,0.000767,0.000009,0.000000,0.007067
Q_ind_142_anc_1-1,0.000183,0.000002,0.000000,0.001737
Q_ind_143_anc_1-1,0.000795,0.000010,0.000000,0.007178
Q_ind_144_anc_1-1,0.000400,0.000004,0.000000,0.003757
Q_ind_145_anc_1-1,0.995573,0.997429,0.982167,0.999993
Q_ind_146_anc_1-1,0.950762,0.951616,0.915326,0.980234
Q_ind_147_anc_1-1,0.990910,0.993206,0.969630,0.999971
Q_ind_148_anc_1-1,0.957384,0.957929,0.930567,0.981796
Q_ind_149_anc_1-1,0.701841,0.702461,0.645091,0.755671
Q_ind_150_anc_1-1,0.993756,0.996034,0.975295,0.999990
Q_ind_151_anc_1-1,0.982314,0.983597,0.955043,0.999812
Q_ind_152_anc_1-1,0.994085,0.995720,0.979536,0.999982
Q_ind_153_anc_1-1,0.995921,0.997786,0.982110,0.999995
Q_ind_154_anc_1-1,0.985353,0.986608,0.961852,0.999909
Q_ind_155_anc_1-1,0.000761,0.000008,0.000000,0.007185
Q_ind_156_anc_1-1,0.058256,0.058148,0.000390,0.113560
Q_ind_157_anc_1-1,0.120535,0.120478,0.068092,0.177219
Q_ind_158_anc_1-1,0.037766,0.031489,0.000000,0.115003
Q_ind_159_anc_1-1,0.019980,0.008821,0.000000,0.081749
Q_ind_160_anc_1-1,0.079712,0.079539,0.017020,0.140713
Q_ind_161_anc_1-1,0.010235,0.000589,0.000000,0.062438
Q_ind_162_anc_1-1,0.073750,0.075491,0.000148,0.136337
Q_ind_163_anc_1-1,0.068590,0.069855,0.001429,0.128988
Q_ind_164_anc_1-1,0.062407,0.062403,0.000909,0.121524
Q_ind_165_anc_1-1,0.016209,0.013126,0.000000,0.051281
Q_ind_166_anc_1-1,0.004303,0.000261,0.000000,0.027018
Q_ind_167_anc_1-1,0.006849,0.000894,0.000000,0.034224
Q_ind_168_anc_1-1,0.000408,0.000004,0.000000,0.003917
Q_ind_169_anc_1-1,0.000178,0.000002,0.000000,0.001753
Q_ind_170_anc_1-1,0.000858,0.000011,0.000000,0.007297
Q_ind_171_anc_1-1,0.010533,0.007103,0.000000,0.037720
Q_ind_172_anc_1-1,0.000636,0.000010,0.000000,0.005320
Q_ind_173_anc_1-1,0.000322,0.000003,0.000000,0.003024
Q_ind_174_anc_1-1,0.001408,0.000023,0.000000,0.011813
Q_ind_175_anc_1-1,0.000301,0.000003,0.000000,0.002918
Q_ind_176_anc_1-1,0.000661,0.000007,0.000000,0.006382
Q_ind_177_anc_1-1,0.002506,0.000036,0.000000,0.022178
Q_ind_178_anc_1-1,0.063817,0.064068,0.000196,0.120018
Q_ind_179_anc_1-1,0.008726,0.000380,0.000000,0.049980
Q_ind_180_anc_1-1,0.209602,0.210222,0.148578,0.267438
Q_ind_181_anc_1-1,0.002862,0.000064,0.000000,0.022842
Q_ind_182_anc_1-1,0.006996,0.000217,0.000000,0.048942
Q_ind_183_anc_1-1,0.082970,0.082073,0.030709,0.140670
Q_ind_184_anc_1-1,0.001952,0.000039,0.000000,0.015599
Q_ind_185_anc_1-1,0.000568,0.000006,0.000000,0.005443
Q_ind_186_anc_1-1,0.000709,0.000011,0.000000,0.006418
Q_ind_187_anc_1-1,0.000270,0.000002,0.000000,0.002604
Q_ind_188_anc_1-1,0.000341,0.000003,0.000000,0.003271
Q_ind_189_anc_1-1,0.000544,0.000006,0.000000,0.005098
Q_ind_190_anc_1-1,0.001743,0.000061,0.000000,0.012277
Q_ind_191_anc_1-1,0.000331,0.000004,0.000000,0.003273
Q_ind_192_anc_1-1,0.000990,0.000010,0.000000,0.009033
Q_ind_193_anc_1-1,0.008796,0.000470,0.000000,0.049274
Q_ind_194_anc_1-1,0.005801,0.000729,0.000000,0.030781
Q_ind_195_anc_1-1,0.002438,0.000034,0.000000,0.021030
Q_ind_196_anc_1-1,0.015796,0.006355,0.000000,0.061353
Q_ind_197_anc_1-1,0.002211,0.000027,0.000000,0.019959
Q_ind_198_anc_1-1,0.001581,0.000019,0.000000,0.014665
Q_ind_199_anc_1-1,0.001373,0.000011,0.000000,0.012906
Q_ind_200_anc_1-1,0.003476,0.000072,0.000000,0.027290
Q_ind_201_anc_1-1,0.000216,0.000002,0.000000,0.002021
Q_ind_202_anc_1-1,0.020081,0.018787,0.000000,0.058000
Q_ind_203_anc_1-1,0.001822,0.000016,0.000000,0.017461
Q_ind_204_anc_1-1,0.002806,0.000040,0.000000,0.022616
Q_ind_205_anc_1-1,0.062990,0.063024,0.024851,0.101760
Q_ind_206_anc_1-1,0.011776,0.002455,0.000000,0.054419
Q_ind_207_anc_1-1,0.006305,0.000158,0.000000,0.049909
Q_ind_208_anc_1-1,0.000299,0.000003,0.000000,0.002817
Q_ind_209_anc_1-1,0.073084,0.073446,0.031789,0.113096
Q_ind_210_anc_1-1,0.001957,0.000024,0.000000,0.018154
Q_ind_211_anc_1-1,0.012980,0.002114,0.000000,0.062231
Q_ind_212_anc_1-1,0.000289,0.000003,0.000000,0.002766
Q_ind_213_anc_1-1,0.000498,0.000004,0.000000,0.004796
Q_ind_214_anc_1-1,0.000631,0.000006,0.000000,0.005673
Q_ind_215_anc_1-1,0.000593,0.000006,0.000000,0.005523
Q_ind_216_anc_1-1,0.008692,0.004453,0.000000,0.036448
Q_ind_217_anc_1-1,0.000369,0.000004,0.000000,0.003456
Q_ind_218_anc_1-1,0.000312,0.000003,0.000000,0.003047
Q_ind_219_anc_1-1,0.002090,0.000063,0.000000,0.015099
Q_ind_220_anc_1-1,0.000901,0.000009,0.000000,0.008391
Q_ind_221_anc_1-1,0.000388,0.000004,0.000000,0.003761
Q_ind_222_anc_1-1,0.002583,0.000297,0.000000,0.014589
Q_ind_223_anc_1-1,0.000252,0.000003,0.000000,0.002442
Q_ind_224_anc_1-1,0.000284,0.000003,0.000000,0.002807
Q_ind_225_anc_1-1,0.010917,0.000910,0.000000,0.069688
Q_ind_226_anc_1-1,0.000431,0.000005,0.000000,0.004079
Q_ind_227_anc_1-1,0.053078,0.052966,0.000000,0.124706
Q_ind_228_anc_1-1,0.022153,0.017579,0.000000,0.076189
Q_ind_229_anc_1-1,0.012772,0.001330,0.000000,0.070961
Q_ind_230_anc_1-1,0.078057,0.081448,0.001204,0.126442
Q_ind_231_anc_1-1,0.000342,0.000003,0.000000,0.003214
Q_ind_232_anc_1-1,0.004441,0.000133,0.000000,0.033739
Q_ind_233_anc_1-1,0.053115,0.051552,0.009533,0.103209
Q_ind_234_anc_1-1,0.003954,0.000205,0.000000,0.024710
Q_ind_235_anc_1-1,0.001153,0.000026,0.000000,0.009166
Q_ind_236_anc_1-1,0.000419,0.000004,0.000000,0.003952
Q_ind_237_anc_1-1,0.000495,0.000006,0.000000,0.004750
Q_ind_238_anc_1-1,0.000384,0.000004,0.000000,0.003679
Q_ind_239_anc_1-1,0.000415,0.000004,0.000000,0.004072
Q_ind_240_anc_1-1,0.000316,0.000003,0.000000,0.002950
Q_ind_241_anc_1-1,0.000711,0.000007,0.000000,0.006672
Q_ind_242_anc_1-1,0.001739,0.000039,0.000000,0.013200
Q_ind_243_anc_1-1,0.000248,0.000002,0.000000,0.002393
Q_ind_244_anc_1-1,0.002392,0.000058,0.000000,0.016978
Q_ind_245_anc_1-1,0.000258,0.000002,0.000000,0.002497
Q_ind_1_anc_2-1,0.002812,0.000030,0.000000,0.026906
Q_ind_2_anc_2-1,0.005371,0.000172,0.000000,0.039093
Q_ind_3_anc_2-1,0.001598,0.000017,0.000000,0.014279
Q_ind_4_anc_2-1,0.002943,0.000042,0.000000,0.023664
Q_ind_5_anc_2-1,0.001117,0.000015,0.000000,0.010067
Q_ind_6_anc_2-1,0.005662,0.000368,0.000000,0.035125
Q_ind_7_anc_2-1,0.000937,0.000009,0.000000,0.009548
Q_ind_8_anc_2-1,0.003368,0.000065,0.000000,0.027847
Q_ind_9_anc_2-1,0.000862,0.000007,0.000000,0.008610
Q_ind_10_anc_2-1,0.001001,0.000015,0.000000,0.008717
Q_ind_11_anc_2-1,0.004388,0.000043,0.000000,0.036657
Q_ind_12_anc_2-1,0.006437,0.000276,0.000000,0.042306
Q_ind_13_anc_2-1,0.014052,0.001969,0.000000,0.068187
Q_ind_14_anc_2-1,0.129505,0.133357,0.003983,0.198814
Q_ind_15_anc_2-1,0.117007,0.118527,0.043988,0.179510
Q_ind_16_anc_2-1,0.082794,0.093856,0.000000,0.177500
Q_ind_17_anc_2-1,0.068155,0.068702,0.000383,0.130520
Q_ind_18_anc_2-1,0.031310,0.021866,0.000000,0.108730
Q_ind_19_anc_2-1,0.085254,0.086469,0.000072,0.147692
Q_ind_20_anc_2-1,0.153165,0.152250,0.096833,0.214411
Q_ind_21_anc_2-1,0.010973,0.000421,0.000000,0.068006
Q_ind_22_anc_2-1,0.034539,0.025918,0.000000,0.109721
Q_ind_23_anc_2-1,0.021837,0.001297,0.000000,0.096727
Q_ind_24_anc_2-1,0.045240,0.010506,0.000000,0.166877
Q_ind_25_anc_2-1,0.002786,0.000027,0.000000,0.022874
Q_ind_26_anc_2-1,0.014333,0.001648,0.000000,0.071352
Q_ind_27_anc_2-1,0.005201,0.000122,0.000000,0.041315
Q_ind_28_anc_2-1,0.025299,0.014481,0.000000,0.090051
Q_ind_29_anc_2-1,0.016768,0.003126,0.000000,0.075256
Q_ind_30_anc_2-1,0.008254,0.000081,0.000000,0.065393
Q_ind_31_anc_2-1,0.032850,0.013410,0.000000,0.115466
Q_ind_32_anc_2-1,0.118769,0.121175,0.016589,0.201605
Q_ind_33_anc_2-1,0.004825,0.000073,0.000000,0.043734
Q_ind_34_anc_2-1,0.099945,0.116619,0.000000,0.197695
Q_ind_35_anc_2-1,0.067832,0.072025,0.000000,0.159692
Q_ind_36_anc_2-1,0.024268,0.003825,0.000000,0.107312
Q_ind_37_anc_2-1,0.016855,0.000650,0.000000,0.099398
Q_ind_38_anc_2-1,0.013798,0.000343,0.000000,0.087924
Q_ind_39_anc_2-1,0.001205,0.000010,0.000000,0.012052
Q_ind_40_anc_2-1,0.010569,0.000089,0.000000,0.098308
Q_ind_41_anc_2-1,0.028950,0.000172,0.000000,0.229089
Q_ind_42_anc_2-1,0.003178,0.000041,0.000000,0.027248
Q_ind_43_anc_2-1,0.002869,0.000043,0.000000,0.025388
Q_ind_44_anc_2-1,0.004627,0.000061,0.000000,0.038770
Q_ind_45_anc_2-1,0.004023,0.000071,0.000000,0.035269
Q_ind_46_anc_2-1,0.001470,0.000021,0.000000,0.013069
Q_ind_47_anc_2-1,0.013966,0.000839,0.000000,0.071676
Q_ind_48_anc_2-1,0.022190,0.003633,0.000000,0.095022
Q_ind_49_anc_2-1,0.001100,0.000013,0.000000,0.009706
Q_ind_50_anc_2-1,0.001284,0.000010,0.000000,0.013530
Q_ind_51_anc_2-1,0.010976,0.000933,0.000000,0.058994
Q_ind_52_anc_2-1,0.008705,0.001751,0.000000,0.045148
Q_ind_53_anc_2-1,0.003201,0.000045,0.000000,0.028697
Q_ind_54_anc_2-1,0.004415,0.000095,0.000000,0.034913
Q_ind_55_anc_2-1,0.007875,0.000408,0.000000,0.052251
Q_ind_56_anc_2-1,0.014579,0.002190,0.000000,0.069349
Q_ind_57_anc_2-1,0.275876,0.275399,0.213925,0.339018
Q_ind_58_anc_2-1,0.007082,0.000256,0.000000,0.046129
Q_ind_59_anc_2-1,0.030761,0.028634,0.000000,0.086906
Q_ind_60_anc_2-1,0.006067,0.000331,0.000000,0.039759
Q_ind_61_anc_2-1,0.029296,0.026861,0.000000,0.083159
Q_ind_62_anc_2-1,0.011122,0.001701,0.000000,0.057356
Q_ind_63_anc_2-1,0.000420,0.000004,0.000000,0.004204
Q_ind_64_anc_2-1,0.000314,0.000002,0.000000,0.002856
Q_ind_65_anc_2-1,0.000647,0.000006,0.000000,0.006232
Q_ind_66_anc_2-1,0.000514,0.000005,0.000000,0.004845
Q_ind_67_anc_2-1,0.000469,0.000005,0.000000,0.004221
Q_ind_68_anc_2-1,0.001899,0.000027,0.000000,0.016578
Q_ind_69_anc_2-1,0.094856,0.094260,0.039578,0.153057
Q_ind_70_anc_2-1,0.003945,0.000098,0.000000,0.027397
Q_ind_71_anc_2-1,0.001294,0.000014,0.000000,0.013083
Q_ind_72_anc_2-1,0.001272,0.000011,0.000000,0.012190
Q_ind_73_anc_2-1,0.001537,0.000017,0.000000,0.014452
Q_ind_74_anc_2-1,0.045933,0.045924,0.000000,0.114002
Q_ind_75_anc_2-1,0.110319,0.110156,0.050691,0.169055
Q_ind_76_anc_2-1,0.001670,0.000023,0.000000,0.015801
Q_ind_77_anc_2-1,0.024326,0.000466,0.000000,0.182561
Q_ind_78_anc_2-1,0.015982,0.001404,0.000000,0.093322
Q_ind_79_anc_2-1,0.002972,0.000026,0.000000,0.029130
Q_ind_80_anc_2-1,0.020896,0.000357,0.000000,0.155003
Q_ind_81_anc_2-1,0.167114,0.180539,0.003040,0.261946
Q_ind_82_anc_2-1,0.029404,0.001697,0.000000,0.143139
Q_ind_83_anc_2-1,0.008570,0.000196,0.000000,0.066750
Q_ind_84_anc_2-1,0.010131,0.000133,0.000000,0.083279
Q_ind_85_anc_2-1,0.008597,0.000161,0.000000,0.064574
Q_ind_86_anc_2-1,0.148694,0.183026,0.000000,0.261242
Q_ind_87_anc_2-1,0.138555,0.147449,0.014939,0.208091
Q_ind_88_anc_2-1,0.214740,0.229389,0.002679,0.347880
Q_ind_89_anc_2-1,0.330108,0.334348,0.206799,0.431044
Q_ind_90_anc_2-1,0.289540,0.312893,0.000003,0.447415
Q_ind_91_anc_2-1,0.184743,0.180595,0.065560,0.317367
Q_ind_92_anc_2-1,0.175437,0.174718,0.000000,0.371054
Q_ind_93_anc_2-1,0.148677,0.148589,0.013126,0.288104
Q_ind_94_anc_2-1,0.304861,0.303994,0.214272,0.402578
Q_ind_95_anc_2-1,0.140739,0.147022,0.000000,0.354717
Q_ind_96_anc_2-1,0.003025,0.000041,0.000000,0.024111
Q_ind_97_anc_2-1,0.004614,0.000101,0.000000,0.033668
Q_ind_98_anc_2-1,0.002154,0.000026,0.000000,0.019719
Q_ind_99_anc_2-1,0.301045,0.301246,0.242683,0.360503
Q_ind_100_anc_2-1,0.001399,0.000013,0.000000,0.012877
Q_ind_101_anc_2-1,0.001212,0.000012,0.000000,0.012118
Q_ind_102_anc_2-1,0.001129,0.000013,0.000000,0.010517
Q_ind_103_anc_2-1,0.001808,0.000017,0.000000,0.017777
Q_ind_104_anc_2-1,0.000902,0.000008,0.000000,0.008699
Q_ind_105_anc_2-1,0.170516,0.169790,0.119221,0.228802
Q_ind_106_anc_2-1,0.007352,0.000245,0.000000,0.047709
Q_ind_107_anc_2-1,0.008475,0.000392,0.000000,0.053790
Q_ind_108_anc_2-1,0.006797,0.000125,0.000000,0.052867
Q_ind_109_anc_2-1,0.004406,0.000062,0.000000,0.038236
Q_ind_110_anc_2-1,0.001727,0.000018,0.000000,0.015977
Q_ind_111_anc_2-1,0.005123,0.000093,0.000000,0.043301
Q_ind_112_anc_2-1,0.007136,0.000159,0.000000,0.049479
Q_ind_113_anc_2-1,0.020704,0.003459,0.000000,0.098954
Q_ind_114_anc_2-1,0.005490,0.000141,0.000000,0.039934
Q_ind_115_anc_2-1,0.004778,0.000067,0.000000,0.041911
Q_ind_116_anc_2-1,0.001560,0.000014,0.000000,0.015238
Q_ind_117_anc_2-1,0.002675,0.000034,0.000000,0.023785
Q_ind_118_anc_2-1,0.005243,0.000138,0.000000,0.037090
Q_ind_119_anc_2-1,0.002242,0.000033,0.000000,0.017887
Q_ind_120_anc_2-1,0.002290,0.000031,0.000000,0.019489
Q_ind_121_anc_2-1,0.009929,0.001182,0.000000,0.053630
Q_ind_122_anc_2-1,0.002580,0.000040,0.000000,0.021783
Q_ind_123_anc_2-1,0.002916,0.000045,0.000000,0.024743
Q_ind_124_anc_2-1,0.117248,0.118281,0.057172,0.174220
Q_ind_125_anc_2-1,0.078157,0.085470,0.000000,0.185096
Q_ind_126_anc_2-1,0.052220,0.022082,0.000000,0.171874
Q_ind_127_anc_2-1,0.027106,0.002778,0.000000,0.141310
Q_ind_128_anc_2-1,0.134783,0.148731,0.000000,0.230205
Q_ind_129_anc_2-1,0.017363,0.000721,0.000000,0.097714
Q_ind_130_anc_2-1,0.033020,0.001728,0.000000,0.158823
Q_ind_131_anc_2-1,0.002326,0.000023,0.000000,0.021350
Q_ind_132_anc_2-1,0.001067,0.000010,0.000000,0.009376
Q_ind_133_anc_2-1,0.003231,0.000046,0.000000,0.026139
Q_ind_134_anc_2-1,0.001982,0.000051,0.000000,0.015023
Q_ind_135_anc_2-1,0.004428,0.000142,0.000000,0.032456
Q_ind_136_anc_2-1,0.001375,0.000010,0.000000,0.013113
Q_ind_137_anc_2-1,0.001365,0.000016,0.000000,0.011604
Q_ind_138_anc_2-1,0.002149,0.000020,0.000000,0.022002
Q_ind_139_anc_2-1,0.001882,0.000022,0.000000,0.017881
Q_ind_140_anc_2-1,0.001284,0.000012,0.000000,0.012212
Q_ind_141_anc_2-1,0.001045,0.000010,0.000000,0.009848
Q_ind_142_anc_2-1,0.010421,0.000475,0.000000,0.066669
Q_ind_143_anc_2-1,0.003975,0.000084,0.000000,0.031550
Q_ind_144_anc_2-1,0.000717,0.000005,0.000000,0.007056
Q_ind_145_anc_2-1,0.000434,0.000005,0.000000,0.004072
Q_ind_146_anc_2-1,0.003504,0.000059,0.000000,0.029473
Q_ind_147_anc_2-1,0.000659,0.000007,0.000000,0.006027
Q_ind_148_anc_2-1,0.001901,0.000023,0.000000,0.017963
Q_ind_149_anc_2-1,0.177370,0.177203,0.123884,0.231450
Q_ind_150_anc_2-1,0.000579,0.000006,0.000000,0.005429
Q_ind_151_anc_2-1,0.002022,0.000025,0.000000,0.018226
Q_ind_152_anc_2-1,0.000620,0.000006,0.000000,0.005458
Q_ind_153_anc_2-1,0.000545,0.000005,0.000000,0.004959
Q_ind_154_anc_2-1,0.001469,0.000016,0.000000,0.012245
Q_ind_155_anc_2-1,0.283655,0.283401,0.221011,0.347333
Q_ind_156_anc_2-1,0.001221,0.000011,0.000000,0.012581
Q_ind_157_anc_2-1,0.003420,0.000063,0.000000,0.028975
Q_ind_158_anc_2-1,0.002389,0.000028,0.000000,0.018541
Q_ind_159_anc_2-1,0.001725,0.000015,0.000000,0.016289
Q_ind_160_anc_2-1,0.001200,0.000013,0.000000,0.011403
Q_ind_161_anc_2-1,0.002080,0.000029,0.000000,0.019783
Q_ind_162_anc_2-1,0.001648,0.000017,0.000000,0.016687
Q_ind_163_anc_2-1,0.001080,0.000013,0.000000,0.010649
Q_ind_164_anc_2-1,0.001831,0.000015,0.000000,0.019316
Q_ind_165_anc_2-1,0.010383,0.000353,0.000000,0.071877
Q_ind_166_anc_2-1,0.008824,0.000295,0.000000,0.056183
Q_ind_167_anc_2-1,0.006334,0.000151,0.000000,0.048707
Q_ind_168_anc_2-1,0.015379,0.001347,0.000000,0.076582
Q_ind_169_anc_2-1,0.001243,0.000010,0.000000,0.012410
Q_ind_170_anc_2-1,0.001481,0.000015,0.000000,0.015403
Q_ind_171_anc_2-1,0.007171,0.000184,0.000000,0.050759
Q_ind_172_anc_2-1,0.000756,0.000007,0.000000,0.007309
Q_ind_173_anc_2-1,0.001100,0.000010,0.000000,0.009646
Q_ind_174_anc_2-1,0.003721,0.000045,0.000000,0.031576
Q_ind_175_anc_2-1,0.004986,0.000055,0.000000,0.041891
Q_ind_176_anc_2-1,0.008143,0.000159,0.000000,0.070843
Q_ind_177_anc_2-1,0.007170,0.000080,0.000000,0.058349
Q_ind_178_anc_2-1,0.019819,0.003341,0.000000,0.093272
Q_ind_179_anc_2-1,0.011622,0.000199,0.000000,0.082871
Q_ind_180_anc_2-1,0.014554,0.000888,0.000000,0.079172
Q_ind_181_anc_2-1,0.017327,0.000530,0.000000,0.114200
Q_ind_182_anc_2-1,0.026851,0.004019,0.000000,0.127981
Q_ind_183_anc_2-1,0.015797,0.000873,0.000000,0.095967
Q_ind_184_anc_2-1,0.012870,0.000269,0.000000,0.112920
Q_ind_185_anc_2-1,0.000917,0.000009,0.000000,0.008440
Q_ind_186_anc_2-1,0.000869,0.000009,0.000000,0.008868
Q_ind_187_anc_2-1,0.000558,0.000005,0.000000,0.005275
Q_ind_188_anc_2-1,0.000916,0.000006,0.000000,0.009193
Q_ind_189_anc_2-1,0.000673,0.000007,0.000000,0.006334
Q_ind_190_anc_2-1,0.001708,0.000019,0.000000,0.017415
Q_ind_191_anc_2-1,0.000719,0.000008,0.000000,0.006508
Q_ind_192_anc_2-1,0.007956,0.000182,0.000000,0.055715
Q_ind_193_anc_2-1,0.006446,0.000166,0.000000,0.050341
Q_ind_194_anc_2-1,0.000448,0.000005,0.000000,0.004155
Q_ind_195_anc_2-1,0.000732,0.000007,0.000000,0.006895
Q_ind_196_anc_2-1,0.000502,0.000006,0.000000,0.004565
Q_ind_197_anc_2-1,0.000486,0.000004,0.000000,0.004788
Q_ind_198_anc_2-1,0.000496,0.000005,0.000000,0.004715
Q_ind_199_anc_2-1,0.001081,0.000010,0.000000,0.010876
Q_ind_200_anc_2-1,0.000540,0.000005,0.000000,0.004960
Q_ind_201_anc_2-1,0.002804,0.000024,0.000000,0.025955
Q_ind_202_anc_2-1,0.001412,0.000013,0.000000,0.013575
Q_ind_203_anc_2-1,0.009423,0.000320,0.000000,0.061775
Q_ind_204_anc_2-1,0.070896,0.075685,0.000000,0.136241
Q_ind_205_anc_2-1,0.011859,0.000458,0.000000,0.073701
Q_ind_206_anc_2-1,0.015348,0.002031,0.000000,0.074617
Q_ind_207_anc_2-1,0.029619,0.001447,0.000000,0.145093
Q_ind_208_anc_2-1,0.001134,0.000008,0.000000,0.010903
Q_ind_209_anc_2-1,0.015293,0.001568,0.000000,0.075153
Q_ind_210_anc_2-1,0.042506,0.007843,0.000000,0.161450
Q_ind_211_anc_2-1,0.036510,0.026180,0.000000,0.120058
Q_ind_212_anc_2-1,0.159582,0.160519,0.087579,0.222780
Q_ind_213_anc_2-1,0.007022,0.000208,0.000000,0.049438
Q_ind_214_anc_2-1,0.005906,0.000060,0.000000,0.050296
Q_ind_215_anc_2-1,0.016873,0.001203,0.000000,0.099294
Q_ind_216_anc_2-1,0.032529,0.018635,0.000000,0.110304
Q_ind_217_anc_2-1,0.001236,0.000013,0.000000,0.012474
Q_ind_218_anc_2-1,0.001977,0.000016,0.000000,0.020172
Q_ind_219_anc_2-1,0.026873,0.020351,0.000000,0.087659
Q_ind_220_anc_2-1,0.031337,0.025164,0.000000,0.095678
Q_ind_221_anc_2-1,0.004289,0.000055,0.000000,0.041308
Q_ind_222_anc_2-1,0.004691,0.000065,0.000000,0.042448
Q_ind_223_anc_2-1,0.002251,0.000023,0.000000,0.022593
Q_ind_224_anc_2-1,0.009013,0.000144,0.000000,0.074711
Q_ind_225_anc_2-1,0.193503,0.210006,0.000003,0.307854
Q_ind_226_anc_2-1,0.008359,0.000108,0.000000,0.081153
Q_ind_227_anc_2-1,0.100312,0.099810,0.000000,0.250590
Q_ind_228_anc_2-1,0.205436,0.210096,0.092016,0.292236
Q_ind_229_anc_2-1,0.169383,0.187559,0.000005,0.289484
Q_ind_230_anc_2-1,0.019546,0.000513,0.000000,0.121922
Q_ind_231_anc_2-1,0.002488,0.000023,0.000000,0.022586
Q_ind_232_anc_2-1,0.047190,0.018970,0.000000,0.158714
Q_ind_233_anc_2-1,0.142061,0.152164,0.000000,0.240931
Q_ind_234_anc_2-1,0.003499,0.000070,0.000000,0.026646
Q_ind_235_anc_2-1,0.001362,0.000014,0.000000,0.012835
Q_ind_236_anc_2-1,0.000581,0.000005,0.000000,0.005355
Q_ind_237_anc_2-1,0.000921,0.000009,0.000000,0.009539
Q_ind_238_anc_2-1,0.001292,0.000018,0.000000,0.011919
Q_ind_239_anc_2-1,0.002214,0.000032,0.000000,0.020406
Q_ind_240_anc_2-1,0.001749,0.000013,0.000000,0.019228
Q_ind_241_anc_2-1,0.030129,0.029848,0.000000,0.078393
Q_ind_242_anc_2-1,0.004050,0.000153,0.000000,0.028573
Q_ind_243_anc_2-1,0.014610,0.004758,0.000000,0.061764
Q_ind_244_anc_2-1,0.001805,0.000019,0.000000,0.015736
Q_ind_245_anc_2-1,0.002459,0.000044,0.000000,0.020414
Q_ind_1_anc_2-2,0.000703,0.000011,0.000000,0.006282
Q_ind_2_anc_2-2,0.000721,0.000008,0.000000,0.007012
Q_ind_3_anc_2-2,0.001729,0.000050,0.000000,0.012999
Q_ind_4_anc_2-2,0.000872,0.000011,0.000000,0.007947
Q_ind_5_anc_2-2,0.000298,0.000003,0.000000,0.002794
Q_ind_6_anc_2-2,0.001018,0.000012,0.000000,0.009107
Q_ind_7_anc_2-2,0.000497,0.000004,0.000000,0.004793
Q_ind_8_anc_2-2,0.000956,0.000011,0.000000,0.008559
Q_ind_9_anc_2-2,0.000658,0.000005,0.000000,0.006757
Q_ind_10_anc_2-2,0.000375,0.000004,0.000000,0.003380
Q_ind_11_anc_2-2,0.004059,0.000132,0.000000,0.026170
Q_ind_12_anc_2-2,0.000863,0.000008,0.000000,0.008050
Q_ind_13_anc_2-2,0.225865,0.225495,0.148788,0.306068
Q_ind_14_anc_2-2,0.262839,0.262343,0.175685,0.355362
Q_ind_15_anc_2-2,0.281291,0.281165,0.198641,0.367528
Q_ind_16_anc_2-2,0.224817,0.221458,0.138538,0.322388
Q_ind_17_anc_2-2,0.254437,0.254339,0.173204,0.335615
Q_ind_18_anc_2-2,0.288240,0.287922,0.198680,0.380308
Q_ind_19_anc_2-2,0.237723,0.237282,0.167981,0.311353
Q_ind_20_anc_2-2,0.005721,0.000153,0.000000,0.044043
Q_ind_21_anc_2-2,0.005106,0.000062,0.000000,0.046847
Q_ind_22_anc_2-2,0.006574,0.000176,0.000000,0.050312
Q_ind_23_anc_2-2,0.004413,0.000069,0.000000,0.036639
Q_ind_24_anc_2-2,0.002132,0.000025,0.000000,0.019237
Q_ind_25_anc_2-2,0.003788,0.000065,0.000000,0.033313
Q_ind_26_anc_2-2,0.007114,0.000190,0.000000,0.051767
Q_ind_27_anc_2-2,0.003180,0.000062,0.000000,0.026534
Q_ind_28_anc_2-2,0.005525,0.000079,0.000000,0.046261
Q_ind_29_anc_2-2,0.010726,0.000436,0.000000,0.071555
Q_ind_30_anc_2-2,0.005107,0.000115,0.000000,0.040176
Q_ind_31_anc_2-2,0.001098,0.000012,0.000000,0.010310
Q_ind_32_anc_2-2,0.016057,0.001152,0.000000,0.090213
Q_ind_33_anc_2-2,0.001768,0.000020,0.000000,0.015691
Q_ind_34_anc_2-2,0.003230,0.000039,0.000000,0.029917
Q_ind_35_anc_2-2,0.001628,0.000015,0.000000,0.015394
Q_ind_36_anc_2-2,0.001649,0.000018,0.000000,0.014732
Q_ind_37_anc_2-2,0.001811,0.000030,0.000000,0.016625
Q_ind_38_anc_2-2,0.001808,0.000020,0.000000,0.016479
Q_ind_39_anc_2-2,0.000430,0.000004,0.000000,0.004037
Q_ind_40_anc_2-2,0.004098,0.000063,0.000000,0.035802
Q_ind_41_anc_2-2,0.001094,0.000011,0.000000,0.010678
Q_ind_42_anc_2-2,0.921962,0.922835,0.879160,0.960604
Q_ind_43_anc_2-2,0.804676,0.803240,0.707381,0.898341
Q_ind_44_anc_2-2,0.887314,0.893899,0.800857,0.940548
Q_ind_45_anc_2-2,0.884513,0.885436,0.831280,0.933764
Q_ind_46_anc_2-2,0.924173,0.925511,0.880485,0.962973
Q_ind_47_anc_2-2,0.898683,0.905243,0.815140,0.952578
Q_ind_48_anc_2-2,0.906278,0.909922,0.843172,0.952905
Q_ind_49_anc_2-2,0.916709,0.917386,0.879448,0.951605
Q_ind_50_anc_2-2,0.910133,0.916384,0.836712,0.958847
Q_ind_51_anc_2-2,0.690199,0.688791,0.622250,0.759757
Q_ind_52_anc_2-2,0.695028,0.695440,0.625398,0.762474
Q_ind_53_anc_2-2,0.720115,0.720171,0.648699,0.791120
Q_ind_54_anc_2-2,0.693961,0.695157,0.624727,0.761114
Q_ind_55_anc_2-2,0.756481,0.756103,0.691338,0.821800
Q_ind_56_anc_2-2,0.716934,0.716837,0.640816,0.787643
Q_ind_57_anc_2-2,0.068768,0.069668,0.000000,0.167133
Q_ind_58_anc_2-2,0.740569,0.741560,0.671330,0.809159
Q_ind_59_anc_2-2,0.678641,0.678319,0.608356,0.750352
Q_ind_60_anc_2-2,0.688343,0.688273,0.613801,0.763018
Q_ind_61_anc_2-2,0.719948,0.720996,0.647240,0.790831
Q_ind_62_anc_2-2,0.722330,0.723286,0.643998,0.802877
Q_ind_63_anc_2-2,0.000373,0.000005,0.000000,0.003616
Q_ind_64_anc_2-2,0.000391,0.000004,0.000000,0.003627
Q_ind_65_anc_2-2,0.001685,0.000093,0.000000,0.010968
Q_ind_66_anc_2-2,0.000846,0.000011,0.000000,0.007281
Q_ind_67_anc_2-2,0.000469,0.000005,0.000000,0.004379
Q_ind_68_anc_2-2,0.503300,0.503438,0.415816,0.593542
Q_ind_69_anc_2-2,0.047413,0.043999,0.000000,0.133802
Q_ind_70_anc_2-2,0.113086,0.112272,0.046708,0.183646
Q_ind_71_anc_2-2,0.558356,0.558655,0.468142,0.649568
Q_ind_72_anc_2-2,0.551461,0.544408,0.446324,0.672264
Q_ind_73_anc_2-2,0.524199,0.523679,0.432357,0.619377
Q_ind_74_anc_2-2,0.138255,0.136286,0.059647,0.220855
Q_ind_75_anc_2-2,0.024442,0.005911,0.000000,0.106621
Q_ind_76_anc_2-2,0.647122,0.654629,0.549057,0.709661
Q_ind_77_anc_2-2,0.003371,0.000075,0.000000,0.026388
Q_ind_78_anc_2-2,0.003571,0.000050,0.000000,0.029645
Q_ind_79_anc_2-2,0.001834,0.000016,0.000000,0.017689
Q_ind_80_anc_2-2,0.003536,0.000053,0.000000,0.028252
Q_ind_81_anc_2-2,0.004004,0.000084,0.000000,0.033397
Q_ind_82_anc_2-2,0.065164,0.070156,0.000000,0.130617
Q_ind_83_anc_2-2,0.039696,0.030996,0.000000,0.115361
Q_ind_84_anc_2-2,0.008357,0.000139,0.000000,0.064199
Q_ind_85_anc_2-2,0.002677,0.000024,0.000000,0.024054
Q_ind_86_anc_2-2,0.002614,0.000022,0.000000,0.025274
Q_ind_87_anc_2-2,0.013526,0.005639,0.000000,0.057885
Q_ind_88_anc_2-2,0.151693,0.146055,0.078301,0.257801
Q_ind_89_anc_2-2,0.088450,0.090646,0.000001,0.160662
Q_ind_90_anc_2-2,0.145954,0.150310,0.000005,0.241555
Q_ind_91_anc_2-2,0.194515,0.195371,0.115440,0.267062
Q_ind_92_anc_2-2,0.040710,0.007872,0.000000,0.173589
Q_ind_93_anc_2-2,0.212501,0.212517,0.134240,0.293852
Q_ind_94_anc_2-2,0.001128,0.000010,0.000000,0.010469
Q_ind_95_anc_2-2,0.189774,0.189081,0.093167,0.283138
Q_ind_96_anc_2-2,0.988968,0.991195,0.963722,0.999960
Q_ind_97_anc_2-2,0.985832,0.988884,0.955871,0.999949
Q_ind_98_anc_2-2,0.023092,0.008958,0.000000,0.097439
Q_ind_99_anc_2-2,0.001691,0.000012,0.000000,0.016049
Q_ind_100_anc_2-2,0.992906,0.995770,0.970637,0.999986
Q_ind_101_anc_2-2,0.995478,0.997547,0.979916,0.999993
Q_ind_102_anc_2-2,0.996680,0.998389,0.984582,0.999996
Q_ind_103_anc_2-2,0.988132,0.991091,0.961154,0.999960
Q_ind_104_anc_2-2,0.996533,0.998272,0.982602,0.999994
Q_ind_105_anc_2-2,0.009038,0.000169,0.000000,0.065361
Q_ind_106_anc_2-2,0.956524,0.959158,0.909068,0.988805
Q_ind_107_anc_2-2,0.041992,0.024660,0.000000,0.153718
Q_ind_108_anc_2-2,0.048533,0.042883,0.000000,0.146105
Q_ind_109_anc_2-2,0.189779,0.185284,0.000186,0.348233
Q_ind_110_anc_2-2,0.073471,0.076117,0.000000,0.166859
Q_ind_111_anc_2-2,0.162501,0.162841,0.073180,0.254397
Q_ind_112_anc_2-2,0.001791,0.000010,0.000000,0.018829
Q_ind_113_anc_2-2,0.218471,0.229165,0.084119,0.314624
Q_ind_114_anc_2-2,0.178911,0.176323,0.001611,0.326838
Q_ind_115_anc_2-2,0.958515,0.959677,0.922046,0.987946
Q_ind_116_anc_2-2,0.991195,0.994193,0.968267,0.999972
Q_ind_117_anc_2-2,0.991234,0.994246,0.966324,0.999968
Q_ind_118_anc_2-2,0.976354,0.981588,0.922500,0.999865
Q_ind_119_anc_2-2,0.987345,0.991032,0.956174,0.999977
Q_ind_120_anc_2-2,0.994156,0.996601,0.974840,0.999989
Q_ind_121_anc_2-2,0.970938,0.972748,0.926987,0.999632
Q_ind_122_anc_2-2,0.991155,0.993829,0.967360,0.999978
Q_ind_123_anc_2-2,0.986565,0.989654,0.955284,0.999954
Q_ind_124_anc_2-2,0.595077,0.595209,0.519894,0.667797
Q_ind_125_anc_2-2,0.002293,0.000028,0.000000,0.021438
Q_ind_126_anc_2-2,0.022186,0.002503,0.000000,0.110726
Q_ind_127_anc_2-2,0.052652,0.050939,0.000000,0.136175
Q_ind_128_anc_2-2,0.016346,0.001296,0.000000,0.086971
Q_ind_129_anc_2-2,0.003684,0.000044,0.000000,0.034575
Q_ind_130_anc_2-2,0.120523,0.122385,0.018877,0.201350
Q_ind_131_anc_2-2,0.000519,0.000006,0.000000,0.005033
Q_ind_132_anc_2-2,0.000221,0.000002,0.000000,0.002195
Q_ind_133_anc_2-2,0.052180,0.046813,0.000000,0.150202
Q_ind_134_anc_2-2,0.003851,0.000098,0.000000,0.031572
Q_ind_135_anc_2-2,0.124701,0.120177,0.043267,0.212010
Q_ind_136_anc_2-2,0.008430,0.000441,0.000000,0.067032
Q_ind_137_anc_2-2,0.001719,0.000014,0.000000,0.017281
Q_ind_138_anc_2-2,0.000381,0.000004,0.000000,0.003396
Q_ind_139_anc_2-2,0.001715,0.000016,0.000000,0.016163
Q_ind_140_anc_2-2,0.035622,0.026435,0.000000,0.119324
Q_ind_141_anc_2-2,0.043455,0.039737,0.000000,0.125201
Q_ind_142_anc_2-2,0.000295,0.000003,0.000000,0.002743
Q_ind_143_anc_2-2,0.059678,0.056893,0.000000,0.165564
Q_ind_144_anc_2-2,0.092112,0.092231,0.015093,0.164059
Q_ind_145_anc_2-2,0.000555,0.000006,0.000000,0.005188
Q_ind_146_anc_2-2,0.002868,0.000058,0.000000,0.022434
Q_ind_147_anc_2-2,0.001863,0.000075,0.000000,0.013175
Q_ind_148_anc_2-2,0.003257,0.000079,0.000000,0.024607
Q_ind_149_anc_2-2,0.000642,0.000006,0.000000,0.006102
Q_ind_150_anc_2-2,0.001230,0.000018,0.000000,0.010428
Q_ind_151_anc_2-2,0.003290,0.000109,0.000000,0.021294
Q_ind_152_anc_2-2,0.002186,0.000132,0.000000,0.013463
Q_ind_153_anc_2-2,0.000769,0.000006,0.000000,0.007116
Q_ind_154_anc_2-2,0.005847,0.001717,0.000000,0.025656
Q_ind_155_anc_2-2,0.000563,0.000004,0.000000,0.005396
Q_ind_156_anc_2-2,0.000727,0.000006,0.000000,0.007005
Q_ind_157_anc_2-2,0.003769,0.000175,0.000000,0.024567
Q_ind_158_anc_2-2,0.001179,0.000013,0.000000,0.011144
Q_ind_159_anc_2-2,0.000909,0.000010,0.000000,0.008491
Q_ind_160_anc_2-2,0.000519,0.000006,0.000000,0.004883
Q_ind_161_anc_2-2,0.000671,0.000006,0.000000,0.006073
Q_ind_162_anc_2-2,0.001021,0.000013,0.000000,0.009641
Q_ind_163_anc_2-2,0.000486,0.000005,0.000000,0.004411
Q_ind_164_anc_2-2,0.001159,0.000011,0.000000,0.010754
Q_ind_165_anc_2-2,0.002052,0.000019,0.000000,0.018279
Q_ind_166_anc_2-2,0.007168,0.000239,0.000000,0.050030
Q_ind_167_anc_2-2,0.042925,0.015123,0.000000,0.151634
Q_ind_168_anc_2-2,0.000628,0.000006,0.000000,0.006138
Q_ind_169_anc_2-2,0.000273,0.000002,0.000000,0.002529
Q_ind_170_anc_2-2,0.096246,0.098474,0.000000,0.199961
Q_ind_171_anc_2-2,0.004444,0.000078,0.000000,0.035952
Q_ind_172_anc_2-2,0.021511,0.005116,0.000000,0.101586
Q_ind_173_anc_2-2,0.001446,0.000014,0.000000,0.012793
Q_ind_174_anc_2-2,0.005725,0.000066,0.000000,0.048090
Q_ind_175_anc_2-2,0.000606,0.000005,0.000000,0.005729
Q_ind_176_anc_2-2,0.000556,0.000005,0.000000,0.005445
Q_ind_177_anc_2-2,0.016779,0.011560,0.000000,0.056560
Q_ind_178_anc_2-2,0.010829,0.004470,0.000000,0.044629
Q_ind_179_anc_2-2,0.005103,0.000120,0.000000,0.036074
Q_ind_180_anc_2-2,0.020026,0.018321,0.000000,0.057149
Q_ind_181_anc_2-2,0.000912,0.000007,0.000000,0.009333
Q_ind_182_anc_2-2,0.007797,0.000519,0.000000,0.046426
Q_ind_183_anc_2-2,0.016794,0.008632,0.000000,0.061667
Q_ind_184_anc_2-2,0.000832,0.000007,0.000000,0.007760
Q_ind_185_anc_2-2,0.256459,0.257108,0.111213,0.395179
Q_ind_186_anc_2-2,0.273837,0.273704,0.176229,0.367693
Q_ind_187_anc_2-2,0.321973,0.324035,0.223525,0.416019
Q_ind_188_anc_2-2,0.186257,0.187784,0.086987,0.281481
Q_ind_189_anc_2-2,0.422059,0.432422,0.305648,0.501466
Q_ind_190_anc_2-2,0.002357,0.000026,0.000000,0.021058
Q_ind_191_anc_2-2,0.329052,0.323374,0.216490,0.477102
Q_ind_192_anc_2-2,0.000574,0.000006,0.000000,0.005183
Q_ind_193_anc_2-2,0.001158,0.000012,0.000000,0.010228
Q_ind_194_anc_2-2,0.000271,0.000003,0.000000,0.002548
Q_ind_195_anc_2-2,0.000367,0.000003,0.000000,0.003709
Q_ind_196_anc_2-2,0.000371,0.000004,0.000000,0.003547
Q_ind_197_anc_2-2,0.000473,0.000005,0.000000,0.004325
Q_ind_198_anc_2-2,0.000326,0.000003,0.000000,0.003132
Q_ind_199_anc_2-2,0.000404,0.000003,0.000000,0.004011
Q_ind_200_anc_2-2,0.000394,0.000004,0.000000,0.003549
Q_ind_201_anc_2-2,0.000281,0.000003,0.000000,0.002537
Q_ind_202_anc_2-2,0.000606,0.000006,0.000000,0.005469
Q_ind_203_anc_2-2,0.004641,0.000101,0.000000,0.034271
Q_ind_204_anc_2-2,0.003514,0.000046,0.000000,0.029490
Q_ind_205_anc_2-2,0.014912,0.009351,0.000000,0.053923
Q_ind_206_anc_2-2,0.016918,0.015165,0.000000,0.050276
Q_ind_207_anc_2-2,0.043931,0.048758,0.000000,0.096017
Q_ind_208_anc_2-2,0.000299,0.000003,0.000000,0.002809
Q_ind_209_anc_2-2,0.006007,0.000185,0.000000,0.041151
Q_ind_210_anc_2-2,0.001671,0.000018,0.000000,0.015653
Q_ind_211_anc_2-2,0.012920,0.003302,0.000000,0.055045
Q_ind_212_anc_2-2,0.000552,0.000005,0.000000,0.005027
Q_ind_213_anc_2-2,0.001374,0.000012,0.000000,0.013914
Q_ind_214_anc_2-2,0.000978,0.000009,0.000000,0.009346
Q_ind_215_anc_2-2,0.001346,0.000013,0.000000,0.012502
Q_ind_216_anc_2-2,0.001105,0.000011,0.000000,0.010217
Q_ind_217_anc_2-2,0.001315,0.000014,0.000000,0.012466
Q_ind_218_anc_2-2,0.000374,0.000004,0.000000,0.003774
Q_ind_219_anc_2-2,0.003027,0.000033,0.000000,0.027934
Q_ind_220_anc_2-2,0.000950,0.000010,0.000000,0.009671
Q_ind_221_anc_2-2,0.001049,0.000010,0.000000,0.010327
Q_ind_222_anc_2-2,0.001299,0.000013,0.000000,0.012473
Q_ind_223_anc_2-2,0.000463,0.000004,0.000000,0.004353
Q_ind_224_anc_2-2,0.000378,0.000003,0.000000,0.003437
Q_ind_225_anc_2-2,0.114265,0.114723,0.001803,0.211699
Q_ind_226_anc_2-2,0.000794,0.000009,0.000000,0.007387
Q_ind_227_anc_2-2,0.129350,0.131768,0.003570,0.229268
Q_ind_228_anc_2-2,0.125180,0.126055,0.048620,0.203581
Q_ind_229_anc_2-2,0.115488,0.116466,0.013982,0.204928
Q_ind_230_anc_2-2,0.027736,0.011371,0.000000,0.118538
Q_ind_231_anc_2-2,0.000429,0.000004,0.000000,0.004089
Q_ind_232_anc_2-2,0.005189,0.000074,0.000000,0.047093
Q_ind_233_anc_2-2,0.033902,0.029764,0.000000,0.103744
Q_ind_234_anc_2-2,0.792731,0.803879,0.676072,0.855810
Q_ind_235_anc_2-2,0.554931,0.553574,0.468587,0.651382
Q_ind_236_anc_2-2,0.682711,0.681811,0.581256,0.781244
Q_ind_237_anc_2-2,0.595000,0.593297,0.499538,0.702030
Q_ind_238_anc_2-2,0.463784,0.464130,0.382335,0.542897
Q_ind_239_anc_2-2,0.610686,0.607875,0.529016,0.706094
Q_ind_240_anc_2-2,0.420919,0.420798,0.343981,0.498746
Q_ind_241_anc_2-2,0.461398,0.459841,0.371861,0.557676
Q_ind_242_anc_2-2,0.528117,0.527105,0.450484,0.607767
Q_ind_243_anc_2-2,0.227237,0.226057,0.148329,0.310051
Q_ind_244_anc_2-2,0.765342,0.767581,0.703677,0.812184
Q_ind_245_anc_2-2,0.223173,0.222146,0.148021,0.302570
Q_ind_1_anc_3-1,0.390989,0.389746,0.324888,0.461251
Q_ind_2_anc_3-1,0.341684,0.341547,0.258211,0.423147
Q_ind_3_anc_3-1,0.328874,0.330088,0.247899,0.401536
Q_ind_4_anc_3-1,0.280420,0.282829,0.189871,0.358896
Q_ind_5_anc_3-1,0.361351,0.361070,0.295373,0.426187
Q_ind_6_anc_3-1,0.353330,0.355854,0.257971,0.434163
Q_ind_7_anc_3-1,0.208409,0.208758,0.096709,0.309560
Q_ind_8_anc_3-1,0.363347,0.363758,0.293057,0.430004
Q_ind_9_anc_3-1,0.243741,0.240275,0.129746,0.367948
Q_ind_10_anc_3-1,0.335495,0.337106,0.235832,0.420987
Q_ind_11_anc_3-1,0.289051,0.289919,0.212235,0.364853
Q_ind_12_anc_3-1,0.323133,0.324920,0.226430,0.410916
Q_ind_13_anc_3-1,0.005916,0.000214,0.000000,0.040136
Q_ind_14_anc_3-1,0.009060,0.000089,0.000000,0.102625
Q_ind_15_anc_3-1,0.007827,0.000112,0.000000,0.067171
Q_ind_16_anc_3-1,0.036452,0.015162,0.000000,0.128993
Q_ind_17_anc_3-1,0.001619,0.000015,0.000000,0.015940
Q_ind_18_anc_3-1,0.003979,0.000049,0.000000,0.037127
Q_ind_19_anc_3-1,0.005219,0.000057,0.000000,0.052319
Q_ind_20_anc_3-1,0.000757,0.000009,0.000000,0.006955
Q_ind_21_anc_3-1,0.006193,0.000237,0.000000,0.040571
Q_ind_22_anc_3-1,0.034387,0.023901,0.000000,0.110121
Q_ind_23_anc_3-1,0.038594,0.036192,0.000000,0.113585
Q_ind_24_anc_3-1,0.091946,0.108219,0.000000,0.194366
Q_ind_25_anc_3-1,0.002595,0.000025,0.000000,0.024831
Q_ind_26_anc_3-1,0.037231,0.037424,0.000000,0.099217
Q_ind_27_anc_3-1,0.015725,0.002831,0.000000,0.069576
Q_ind_28_anc_3-1,0.025489,0.013189,0.000000,0.093969
Q_ind_29_anc_3-1,0.028796,0.017330,0.000000,0.097377
Q_ind_30_anc_3-1,0.057591,0.058817,0.000000,0.116185
Q_ind_31_anc_3-1,0.060929,0.068349,0.000000,0.147478
Q_ind_32_anc_3-1,0.005369,0.000058,0.000000,0.054053
Q_ind_33_anc_3-1,0.091083,0.092029,0.001474,0.168296
Q_ind_34_anc_3-1,0.042500,0.005129,0.000000,0.193470
Q_ind_35_anc_3-1,0.039352,0.009370,0.000000,0.154621
Q_ind_36_anc_3-1,0.084855,0.089786,0.000000,0.171370
Q_ind_37_anc_3-1,0.086637,0.093516,0.000000,0.164585
Q_ind_38_anc_3-1,0.070527,0.077265,0.000000,0.155779
Q_ind_39_anc_3-1,0.226375,0.226488,0.161286,0.292014
Q_ind_40_anc_3-1,0.170994,0.174985,0.032572,0.260480
Q_ind_41_anc_3-1,0.224946,0.246636,0.000003,0.328587
Q_ind_42_anc_3-1,0.007124,0.000162,0.000000,0.051195
Q_ind_43_anc_3-1,0.005527,0.000209,0.000000,0.035704
Q_ind_44_anc_3-1,0.003310,0.000044,0.000000,0.030523
Q_ind_45_anc_3-1,0.006534,0.000114,0.000000,0.062257
Q_ind_46_anc_3-1,0.001242,0.000015,0.000000,0.011291
Q_ind_47_anc_3-1,0.022905,0.009048,0.000000,0.084242
Q_ind_48_anc_3-1,0.033295,0.031685,0.000000,0.090039
Q_ind_49_anc_3-1,0.002912,0.000024,0.000000,0.030444
Q_ind_50_anc_3-1,0.002764,0.000037,0.000000,0.025312
Q_ind_51_anc_3-1,0.001034,0.000011,0.000000,0.010287
Q_ind_52_anc_3-1,0.001433,0.000017,0.000000,0.013057
Q_ind_53_anc_3-1,0.000917,0.000008,0.000000,0.009124
Q_ind_54_anc_3-1,0.001295,0.000013,0.000000,0.012554
Q_ind_55_anc_3-1,0.000650,0.000008,0.000000,0.006331
Q_ind_56_anc_3-1,0.001693,0.000017,0.000000,0.014998
Q_ind_57_anc_3-1,0.000912,0.000007,0.000000,0.008386
Q_ind_58_anc_3-1,0.001362,0.000014,0.000000,0.012721
Q_ind_59_anc_3-1,0.005585,0.000162,0.000000,0.037874
Q_ind_60_anc_3-1,0.001147,0.000013,0.000000,0.011145
Q_ind_61_anc_3-1,0.001581,0.000015,0.000000,0.015560
Q_ind_62_anc_3-1,0.006899,0.000488,0.000000,0.042241
Q_ind_63_anc_3-1,0.001085,0.000008,0.000000,0.011092
Q_ind_64_anc_3-1,0.000697,0.000007,0.000000,0.006266
Q_ind_65_anc_3-1,0.001242,0.000013,0.000000,0.011983
Q_ind_66_anc_3-1,0.000783,0.000008,0.000000,0.007595
Q_ind_67_anc_3-1,0.059739,0.042471,0.000000,0.230764
Q_ind_68_anc_3-1,0.002407,0.000026,0.000000,0.022169
Q_ind_69_anc_3-1,0.003810,0.000049,0.000000,0.037947
Q_ind_70_anc_3-1,0.001764,0.000021,0.000000,0.015607
Q_ind_71_anc_3-1,0.001526,0.000019,0.000000,0.014287
Q_ind_72_anc_3-1,0.001258,0.000014,0.000000,0.011539
Q_ind_73_anc_3-1,0.001313,0.000015,0.000000,0.012662
Q_ind_74_anc_3-1,0.012407,0.000830,0.000000,0.070988
Q_ind_75_anc_3-1,0.001437,0.000014,0.000000,0.013375
Q_ind_76_anc_3-1,0.002176,0.000042,0.000000,0.017410
Q_ind_77_anc_3-1,0.189433,0.201668,0.000169,0.277534
Q_ind_78_anc_3-1,0.248997,0.251343,0.161760,0.325962
Q_ind_79_anc_3-1,0.201068,0.201043,0.134834,0.265873
Q_ind_80_anc_3-1,0.151526,0.161373,0.004412,0.228528
Q_ind_81_anc_3-1,0.106432,0.103527,0.000000,0.275108
Q_ind_82_anc_3-1,0.215229,0.222488,0.067024,0.313526
Q_ind_83_anc_3-1,0.228188,0.229761,0.147890,0.298574
Q_ind_84_anc_3-1,0.250187,0.253296,0.157591,0.321165
Q_ind_85_anc_3-1,0.209366,0.210302,0.134059,0.278645
Q_ind_86_anc_3-1,0.086310,0.047086,0.000000,0.272203
Q_ind_87_anc_3-1,0.037394,0.007070,0.000000,0.171798
Q_ind_88_anc_3-1,0.096611,0.052274,0.000000,0.359664
Q_ind_89_anc_3-1,0.035687,0.001424,0.000000,0.210026
Q_ind_90_anc_3-1,0.058434,0.001472,0.000000,0.286664
Q_ind_91_anc_3-1,0.314084,0.314865,0.144163,0.475276
Q_ind_92_anc_3-1,0.164664,0.164884,0.000000,0.387475
Q_ind_93_anc_3-1,0.281358,0.281514,0.130792,0.438923
Q_ind_94_anc_3-1,0.363233,0.365131,0.265646,0.445349
Q_ind_95_anc_3-1,0.440452,0.450060,0.155079,0.644432
Q_ind_96_anc_3-1,0.001134,0.000013,0.000000,0.010699
Q_ind_97_anc_3-1,0.002638,0.000057,0.000000,0.020406
Q_ind_98_anc_3-1,0.000358,0.000003,0.000000,0.003481
Q_ind_99_anc_3-1,0.000842,0.000007,0.000000,0.008030
Q_ind_100_anc_3-1,0.000885,0.000008,0.000000,0.008283
Q_ind_101_anc_3-1,0.000667,0.000008,0.000000,0.006192
Q_ind_102_anc_3-1,0.000418,0.000005,0.000000,0.003751
Q_ind_103_anc_3-1,0.001651,0.000023,0.000000,0.014258
Q_ind_104_anc_3-1,0.000478,0.000006,0.000000,0.004406
Q_ind_105_anc_3-1,0.000512,0.000005,0.000000,0.004918
Q_ind_106_anc_3-1,0.015270,0.008996,0.000000,0.053224
Q_ind_107_anc_3-1,0.010957,0.000242,0.000000,0.074463
Q_ind_108_anc_3-1,0.005002,0.000080,0.000000,0.039269
Q_ind_109_anc_3-1,0.005156,0.000070,0.000000,0.047544
Q_ind_110_anc_3-1,0.002407,0.000022,0.000000,0.024640
Q_ind_111_anc_3-1,0.006121,0.000150,0.000000,0.042638
Q_ind_112_anc_3-1,0.013533,0.001002,0.000000,0.072877
Q_ind_113_anc_3-1,0.013610,0.000991,0.000000,0.077264
Q_ind_114_anc_3-1,0.004182,0.000059,0.000000,0.037491
Q_ind_115_anc_3-1,0.005006,0.000129,0.000000,0.038858
Q_ind_116_anc_3-1,0.001477,0.000012,0.000000,0.014473
Q_ind_117_anc_3-1,0.001741,0.000023,0.000000,0.015227
Q_ind_118_anc_3-1,0.003817,0.000090,0.000000,0.027101
Q_ind_119_anc_3-1,0.001790,0.000014,0.000000,0.016651
Q_ind_120_anc_3-1,0.000732,0.000009,0.000000,0.007049
Q_ind_121_anc_3-1,0.006808,0.000405,0.000000,0.039363
Q_ind_122_anc_3-1,0.001777,0.000033,0.000000,0.014008
Q_ind_123_anc_3-1,0.002142,0.000031,0.000000,0.019716
Q_ind_124_anc_3-1,0.000825,0.000008,0.000000,0.007440
Q_ind_125_anc_3-1,0.076218,0.068015,0.000000,0.204052
Q_ind_126_anc_3-1,0.088881,0.104166,0.000000,0.208402
Q_ind_127_anc_3-1,0.105425,0.110592,0.000005,0.193684
Q_ind_128_anc_3-1,0.050467,0.016842,0.000000,0.211033
Q_ind_129_anc_3-1,0.049968,0.030063,0.000000,0.156452
Q_ind_130_anc_3-1,0.101397,0.114112,0.000000,0.196719
Q_ind_131_anc_3-1,0.300916,0.300467,0.231271,0.370690
Q_ind_132_anc_3-1,0.346595,0.345985,0.280812,0.416372
Q_ind_133_anc_3-1,0.001884,0.000023,0.000000,0.017520
Q_ind_134_anc_3-1,0.002074,0.000030,0.000000,0.017170
Q_ind_135_anc_3-1,0.002909,0.000043,0.000000,0.024389
Q_ind_136_anc_3-1,0.001100,0.000009,0.000000,0.010171
Q_ind_137_anc_3-1,0.001322,0.000012,0.000000,0.012430
Q_ind_138_anc_3-1,0.061693,0.063297,0.000001,0.119368
Q_ind_139_anc_3-1,0.002191,0.000025,0.000000,0.019446
Q_ind_140_anc_3-1,0.002386,0.000026,0.000000,0.023028
Q_ind_141_anc_3-1,0.000933,0.000011,0.000000,0.008138
Q_ind_142_anc_3-1,0.168449,0.170054,0.110028,0.219400
Q_ind_143_anc_3-1,0.002755,0.000038,0.000000,0.024149
Q_ind_144_anc_3-1,0.000723,0.000007,0.000000,0.006830
Q_ind_145_anc_3-1,0.000511,0.000004,0.000000,0.004866
Q_ind_146_anc_3-1,0.007443,0.000160,0.000000,0.061021
Q_ind_147_anc_3-1,0.001344,0.000013,0.000000,0.012672
Q_ind_148_anc_3-1,0.002578,0.000028,0.000000,0.026013
Q_ind_149_anc_3-1,0.118675,0.117268,0.060848,0.182446
Q_ind_150_anc_3-1,0.000922,0.000010,0.000000,0.008465
Q_ind_151_anc_3-1,0.002199,0.000035,0.000000,0.019650
Q_ind_152_anc_3-1,0.000712,0.000007,0.000000,0.006959
Q_ind_153_anc_3-1,0.000894,0.000009,0.000000,0.008639
Q_ind_154_anc_3-1,0.001433,0.000014,0.000000,0.013598
Q_ind_155_anc_3-1,0.709645,0.710461,0.647009,0.770625
Q_ind_156_anc_3-1,0.442646,0.438624,0.334640,0.563799
Q_ind_157_anc_3-1,0.279703,0.280932,0.173853,0.384752
Q_ind_158_anc_3-1,0.397106,0.402168,0.257085,0.512109
Q_ind_159_anc_3-1,0.406399,0.411464,0.288938,0.499746
Q_ind_160_anc_3-1,0.461920,0.460960,0.338326,0.581292
Q_ind_161_anc_3-1,0.501933,0.507035,0.395098,0.580983
Q_ind_162_anc_3-1,0.366335,0.364189,0.252075,0.490642
Q_ind_163_anc_3-1,0.420332,0.416895,0.299379,0.549507
Q_ind_164_anc_3-1,0.341341,0.341011,0.225145,0.453005
Q_ind_165_anc_3-1,0.023899,0.004612,0.000000,0.102943
Q_ind_166_anc_3-1,0.029338,0.017030,0.000000,0.106789
Q_ind_167_anc_3-1,0.009014,0.000386,0.000000,0.059353
Q_ind_168_anc_3-1,0.021196,0.005830,0.000000,0.087084
Q_ind_169_anc_3-1,0.407931,0.407593,0.337733,0.477114
Q_ind_170_anc_3-1,0.001491,0.000014,0.000000,0.015296
Q_ind_171_anc_3-1,0.010886,0.000516,0.000000,0.064792
Q_ind_172_anc_3-1,0.000693,0.000007,0.000000,0.006520
Q_ind_173_anc_3-1,0.000930,0.000010,0.000000,0.008837
Q_ind_174_anc_3-1,0.005945,0.000240,0.000000,0.040083
Q_ind_175_anc_3-1,0.049655,0.051681,0.000000,0.108452
Q_ind_176_anc_3-1,0.458486,0.459873,0.371685,0.533338
Q_ind_177_anc_3-1,0.502503,0.503875,0.411584,0.582524
Q_ind_178_anc_3-1,0.363061,0.364867,0.236667,0.483773
Q_ind_179_anc_3-1,0.453275,0.455577,0.357561,0.535329
Q_ind_180_anc_3-1,0.065265,0.064598,0.000000,0.170213
Q_ind_181_anc_3-1,0.398608,0.403262,0.290247,0.481053
Q_ind_182_anc_3-1,0.441654,0.445605,0.327593,0.535482
Q_ind_183_anc_3-1,0.323963,0.324584,0.197880,0.442263
Q_ind_184_anc_3-1,0.486502,0.489830,0.383696,0.560512
Q_ind_185_anc_3-1,0.001251,0.000013,0.000000,0.011410
Q_ind_186_anc_3-1,0.000938,0.000009,0.000000,0.009041
Q_ind_187_anc_3-1,0.000600,0.000006,0.000000,0.005770
Q_ind_188_anc_3-1,0.001027,0.000011,0.000000,0.010105
Q_ind_189_anc_3-1,0.000723,0.000007,0.000000,0.007063
Q_ind_190_anc_3-1,0.003446,0.000050,0.000000,0.028076
Q_ind_191_anc_3-1,0.000592,0.000005,0.000000,0.005773
Q_ind_192_anc_3-1,0.085649,0.090595,0.000000,0.161948
Q_ind_193_anc_3-1,0.051515,0.052789,0.000000,0.124647
Q_ind_194_anc_3-1,0.001912,0.000023,0.000000,0.017358
Q_ind_195_anc_3-1,0.113607,0.112813,0.051612,0.184542
Q_ind_196_anc_3-1,0.003657,0.000050,0.000000,0.034351
Q_ind_197_anc_3-1,0.001364,0.000011,0.000000,0.014049
Q_ind_198_anc_3-1,0.001668,0.000013,0.000000,0.016550
Q_ind_199_anc_3-1,0.095136,0.096979,0.000352,0.167614
Q_ind_200_anc_3-1,0.004430,0.000069,0.000000,0.037157
Q_ind_201_anc_3-1,0.040065,0.040864,0.000000,0.092753
Q_ind_202_anc_3-1,0.036917,0.019243,0.000000,0.130078
Q_ind_203_anc_3-1,0.198346,0.200162,0.103373,0.282273
Q_ind_204_anc_3-1,0.050984,0.028601,0.000000,0.180268
Q_ind_205_anc_3-1,0.013102,0.000391,0.000000,0.088878
Q_ind_206_anc_3-1,0.150738,0.152636,0.052824,0.244119
Q_ind_207_anc_3-1,0.175385,0.184455,0.040347,0.276939
Q_ind_208_anc_3-1,0.385652,0.384853,0.310647,0.460813
Q_ind_209_anc_3-1,0.024410,0.002420,0.000000,0.117921
Q_ind_210_anc_3-1,0.095012,0.112675,0.000000,0.207983
Q_ind_211_anc_3-1,0.126778,0.132513,0.000263,0.234240
Q_ind_212_anc_3-1,0.011965,0.000331,0.000000,0.078321
Q_ind_213_anc_3-1,0.009264,0.000307,0.000000,0.059961
Q_ind_214_anc_3-1,0.038568,0.038540,0.000000,0.106956
Q_ind_215_anc_3-1,0.079391,0.086600,0.000000,0.151549
Q_ind_216_anc_3-1,0.026706,0.004614,0.000000,0.116254
Q_ind_217_anc_3-1,0.001800,0.000015,0.000000,0.018056
Q_ind_218_anc_3-1,0.156646,0.155936,0.098087,0.219672
Q_ind_219_anc_3-1,0.012292,0.000422,0.000000,0.069379
Q_ind_220_anc_3-1,0.030366,0.019314,0.000000,0.103961
Q_ind_221_anc_3-1,0.170229,0.170664,0.098821,0.237766
Q_ind_222_anc_3-1,0.019756,0.006113,0.000000,0.087864
Q_ind_223_anc_3-1,0.246366,0.248433,0.170613,0.313884
Q_ind_224_anc_3-1,0.319068,0.320147,0.255040,0.376914
Q_ind_225_anc_3-1,0.045745,0.004486,0.000000,0.234970
Q_ind_226_anc_3-1,0.358555,0.361867,0.263396,0.429194
Q_ind_227_anc_3-1,0.021997,0.001408,0.000000,0.139045
Q_ind_228_anc_3-1,0.023063,0.000579,0.000000,0.144389
Q_ind_229_anc_3-1,0.042982,0.002184,0.000000,0.233158
Q_ind_230_anc_3-1,0.010660,0.000204,0.000000,0.085133
Q_ind_231_anc_3-1,0.382834,0.383028,0.322597,0.443481
Q_ind_232_anc_3-1,0.066717,0.077175,0.000000,0.167149
Q_ind_233_anc_3-1,0.012502,0.000102,0.000000,0.127851
Q_ind_234_anc_3-1,0.004193,0.000073,0.000000,0.033399
Q_ind_235_anc_3-1,0.001428,0.000013,0.000000,0.014403
Q_ind_236_anc_3-1,0.000555,0.000004,0.000000,0.005514
Q_ind_237_anc_3-1,0.000733,0.000007,0.000000,0.007347
Q_ind_238_anc_3-1,0.001124,0.000011,0.000000,0.010460
Q_ind_239_anc_3-1,0.001157,0.000010,0.000000,0.011289
Q_ind_240_anc_3-1,0.000797,0.000007,0.000000,0.008011
Q_ind_241_anc_3-1,0.009261,0.000398,0.000000,0.054305
Q_ind_242_anc_3-1,0.004104,0.000201,0.000000,0.027228
Q_ind_243_anc_3-1,0.000828,0.000009,0.000000,0.007935
Q_ind_244_anc_3-1,0.001759,0.000020,0.000000,0.015896
Q_ind_245_anc_3-1,0.000558,0.000005,0.000000,0.005140
Q_ind_1_anc_3-2,0.026456,0.019876,0.000000,0.091358
Q_ind_2_anc_3-2,0.005169,0.000040,0.000000,0.049334
Q_ind_3_anc_3-2,0.002065,0.000013,0.000000,0.018642
Q_ind_4_anc_3-2,0.003630,0.000068,0.000000,0.028071
Q_ind_5_anc_3-2,0.211851,0.212500,0.143064,0.276485
Q_ind_6_anc_3-2,0.002917,0.000045,0.000000,0.026443
Q_ind_7_anc_3-2,0.001306,0.000013,0.000000,0.012009
Q_ind_8_anc_3-2,0.003484,0.000114,0.000000,0.026663
Q_ind_9_anc_3-2,0.001076,0.000011,0.000000,0.010628
Q_ind_10_anc_3-2,0.000870,0.000009,0.000000,0.008227
Q_ind_11_anc_3-2,0.003981,0.000071,0.000000,0.033251
Q_ind_12_anc_3-2,0.005755,0.000249,0.000000,0.039200
Q_ind_13_anc_3-2,0.751611,0.752774,0.653634,0.836689
Q_ind_14_anc_3-2,0.594458,0.596890,0.488641,0.688857
Q_ind_15_anc_3-2,0.584993,0.588949,0.468130,0.682696
Q_ind_16_anc_3-2,0.643453,0.646615,0.523307,0.743964
Q_ind_17_anc_3-2,0.673902,0.673287,0.587917,0.764303
Q_ind_18_anc_3-2,0.671530,0.674062,0.556659,0.774890
Q_ind_19_anc_3-2,0.669022,0.669646,0.585212,0.750462
Q_ind_20_anc_3-2,0.839751,0.841167,0.775302,0.895324
Q_ind_21_anc_3-2,0.434688,0.436640,0.327113,0.532550
Q_ind_22_anc_3-2,0.329164,0.335803,0.190349,0.429544
Q_ind_23_anc_3-2,0.312960,0.315367,0.210584,0.405112
Q_ind_24_anc_3-2,0.361605,0.367419,0.213197,0.480993
Q_ind_25_anc_3-2,0.382179,0.383596,0.291217,0.463394
Q_ind_26_anc_3-2,0.323813,0.326761,0.215972,0.410014
Q_ind_27_anc_3-2,0.393807,0.394561,0.311269,0.477769
Q_ind_28_anc_3-2,0.307539,0.310902,0.189631,0.409432
Q_ind_29_anc_3-2,0.368607,0.373600,0.239503,0.468019
Q_ind_30_anc_3-2,0.373457,0.375908,0.275459,0.459467
Q_ind_31_anc_3-2,0.204549,0.209759,0.092579,0.295393
Q_ind_32_anc_3-2,0.077494,0.038602,0.000000,0.273103
Q_ind_33_anc_3-2,0.218059,0.219235,0.127797,0.300971
Q_ind_34_anc_3-2,0.082732,0.060885,0.000000,0.245780
Q_ind_35_anc_3-2,0.176446,0.179650,0.030910,0.298686
Q_ind_36_anc_3-2,0.194195,0.196572,0.089733,0.285628
Q_ind_37_anc_3-2,0.271236,0.272662,0.171494,0.359016
Q_ind_38_anc_3-2,0.216356,0.218149,0.118060,0.302224
Q_ind_39_anc_3-2,0.754871,0.758068,0.674691,0.819483
Q_ind_40_anc_3-2,0.242639,0.243130,0.136153,0.345751
Q_ind_41_anc_3-2,0.224955,0.240603,0.000637,0.342913
Q_ind_42_anc_3-2,0.004137,0.000062,0.000000,0.037134
Q_ind_43_anc_3-2,0.154656,0.170991,0.000000,0.280303
Q_ind_44_anc_3-2,0.034608,0.001656,0.000000,0.174852
Q_ind_45_anc_3-2,0.006157,0.000055,0.000000,0.059956
Q_ind_46_anc_3-2,0.005804,0.000049,0.000000,0.060430
Q_ind_47_anc_3-2,0.028859,0.002229,0.000000,0.147927
Q_ind_48_anc_3-2,0.012324,0.000272,0.000000,0.103344
Q_ind_49_anc_3-2,0.002850,0.000036,0.000000,0.026367
Q_ind_50_anc_3-2,0.039882,0.010261,0.000000,0.151583
Q_ind_51_anc_3-2,0.295406,0.296451,0.217087,0.367735
Q_ind_52_anc_3-2,0.293470,0.292818,0.224272,0.366132
Q_ind_53_anc_3-2,0.274616,0.275272,0.202783,0.348267
Q_ind_54_anc_3-2,0.298858,0.298499,0.228328,0.367961
Q_ind_55_anc_3-2,0.233932,0.233584,0.165171,0.304811
Q_ind_56_anc_3-2,0.264302,0.264002,0.184712,0.345438
Q_ind_57_anc_3-2,0.653562,0.651803,0.555571,0.752931
Q_ind_58_anc_3-2,0.249497,0.249611,0.177588,0.318173
Q_ind_59_anc_3-2,0.282691,0.282476,0.204349,0.362870
Q_ind_60_anc_3-2,0.303390,0.303701,0.224484,0.379780
Q_ind_61_anc_3-2,0.246998,0.247578,0.165103,0.325546
Q_ind_62_anc_3-2,0.255401,0.256182,0.157079,0.341072
Q_ind_63_anc_3-2,0.000587,0.000005,0.000000,0.005495
Q_ind_64_anc_3-2,0.000353,0.000004,0.000000,0.003158
Q_ind_65_anc_3-2,0.000556,0.000006,0.000000,0.005089
Q_ind_66_anc_3-2,0.000545,0.000005,0.000000,0.005252
Q_ind_67_anc_3-2,0.000624,0.000005,0.000000,0.005901
Q_ind_68_anc_3-2,0.330134,0.332447,0.174369,0.478593
Q_ind_69_anc_3-2,0.849883,0.853159,0.752998,0.928730
Q_ind_70_anc_3-2,0.879792,0.880865,0.806521,0.947770
Q_ind_71_anc_3-2,0.230535,0.229929,0.077441,0.379004
Q_ind_72_anc_3-2,0.193393,0.211052,0.000000,0.373926
Q_ind_73_anc_3-2,0.272335,0.275706,0.099207,0.419655
Q_ind_74_anc_3-2,0.798375,0.801018,0.698494,0.888480
Q_ind_75_anc_3-2,0.861429,0.865877,0.764992,0.930761
Q_ind_76_anc_3-2,0.050057,0.007577,0.000000,0.231485
Q_ind_77_anc_3-2,0.173248,0.183923,0.000007,0.268703
Q_ind_78_anc_3-2,0.155951,0.158434,0.058095,0.239413
Q_ind_79_anc_3-2,0.281111,0.280127,0.205656,0.358637
Q_ind_80_anc_3-2,0.175031,0.186011,0.000009,0.264608
Q_ind_81_anc_3-2,0.038985,0.002834,0.000000,0.195229
Q_ind_82_anc_3-2,0.043751,0.005023,0.000000,0.205226
Q_ind_83_anc_3-2,0.121098,0.136682,0.000000,0.256353
Q_ind_84_anc_3-2,0.127579,0.139287,0.000000,0.224006
Q_ind_85_anc_3-2,0.222083,0.222584,0.139741,0.297610
Q_ind_86_anc_3-2,0.072536,0.013436,0.000000,0.259724
Q_ind_87_anc_3-2,0.025834,0.003670,0.000000,0.141748
Q_ind_88_anc_3-2,0.003702,0.000053,0.000000,0.033409
Q_ind_89_anc_3-2,0.010169,0.000046,0.000000,0.104518
Q_ind_90_anc_3-2,0.078825,0.004294,0.000000,0.395995
Q_ind_91_anc_3-2,0.018419,0.000578,0.000000,0.128995
Q_ind_92_anc_3-2,0.320800,0.338268,0.088820,0.466924
Q_ind_93_anc_3-2,0.014368,0.000104,0.000000,0.131012
Q_ind_94_anc_3-2,0.322464,0.321949,0.239149,0.402267
Q_ind_95_anc_3-2,0.027651,0.000607,0.000000,0.196750
Q_ind_96_anc_3-2,0.001429,0.000015,0.000000,0.013594
Q_ind_97_anc_3-2,0.001504,0.000015,0.000000,0.013273
Q_ind_98_anc_3-2,0.973908,0.986040,0.899222,0.999981
Q_ind_99_anc_3-2,0.695685,0.695311,0.635495,0.754924
Q_ind_100_anc_3-2,0.000950,0.000009,0.000000,0.008889
Q_ind_101_anc_3-2,0.000873,0.000008,0.000000,0.008042
Q_ind_102_anc_3-2,0.000577,0.000005,0.000000,0.005865
Q_ind_103_anc_3-2,0.001869,0.000024,0.000000,0.016738
Q_ind_104_anc_3-2,0.000521,0.000004,0.000000,0.004594
Q_ind_105_anc_3-2,0.819396,0.821580,0.745479,0.875512
Q_ind_106_anc_3-2,0.010257,0.000429,0.000000,0.062995
Q_ind_107_anc_3-2,0.527464,0.544558,0.315658,0.668012
Q_ind_108_anc_3-2,0.502304,0.510626,0.312333,0.656699
Q_ind_109_anc_3-2,0.267756,0.280552,0.000000,0.594627
Q_ind_110_anc_3-2,0.502166,0.496745,0.330393,0.677258
Q_ind_111_anc_3-2,0.336575,0.333627,0.159906,0.514466
Q_ind_112_anc_3-2,0.810001,0.808452,0.713163,0.931350
Q_ind_113_anc_3-2,0.107089,0.058451,0.000000,0.402883
Q_ind_114_anc_3-2,0.266637,0.270618,0.000000,0.550387
Q_ind_115_anc_3-2,0.003064,0.000045,0.000000,0.025479
Q_ind_116_anc_3-2,0.001731,0.000018,0.000000,0.015172
Q_ind_117_anc_3-2,0.001576,0.000017,0.000000,0.014157
Q_ind_118_anc_3-2,0.011945,0.000818,0.000000,0.065032
Q_ind_119_anc_3-2,0.001962,0.000020,0.000000,0.019190
Q_ind_120_anc_3-2,0.000832,0.000007,0.000000,0.007844
Q_ind_121_anc_3-2,0.004225,0.000044,0.000000,0.038441
Q_ind_122_anc_3-2,0.000961,0.000008,0.000000,0.008895
Q_ind_123_anc_3-2,0.001251,0.000012,0.000000,0.012620
Q_ind_124_anc_3-2,0.285197,0.284665,0.202648,0.373152
Q_ind_125_anc_3-2,0.153026,0.152898,0.012389,0.279498
Q_ind_126_anc_3-2,0.235991,0.237875,0.077827,0.371314
Q_ind_127_anc_3-2,0.234331,0.241818,0.000228,0.380716
Q_ind_128_anc_3-2,0.193069,0.196299,0.000015,0.368763
Q_ind_129_anc_3-2,0.281805,0.285830,0.172547,0.376624
Q_ind_130_anc_3-2,0.069929,0.021072,0.000000,0.265174
Q_ind_131_anc_3-2,0.492686,0.493558,0.411030,0.574283
Q_ind_132_anc_3-2,0.534677,0.533603,0.451799,0.626912
Q_ind_133_anc_3-2,0.362270,0.374660,0.174351,0.504410
Q_ind_134_anc_3-2,0.441902,0.442463,0.354627,0.525239
Q_ind_135_anc_3-2,0.146796,0.161167,0.000000,0.322537
Q_ind_136_anc_3-2,0.471894,0.475406,0.352302,0.561435
Q_ind_137_anc_3-2,0.476139,0.476310,0.392635,0.562464
Q_ind_138_anc_3-2,0.518800,0.518818,0.439152,0.600213
Q_ind_139_anc_3-2,0.567494,0.568114,0.489195,0.644504
Q_ind_140_anc_3-2,0.423539,0.434951,0.267260,0.543293
Q_ind_141_anc_3-2,0.379881,0.384049,0.220254,0.512505
Q_ind_142_anc_3-2,0.819639,0.819790,0.770909,0.866439
Q_ind_143_anc_3-2,0.305970,0.311017,0.092287,0.456551
Q_ind_144_anc_3-2,0.278009,0.275512,0.140001,0.422945
Q_ind_145_anc_3-2,0.000514,0.000005,0.000000,0.004837
Q_ind_146_anc_3-2,0.003561,0.000050,0.000000,0.031028
Q_ind_147_anc_3-2,0.001536,0.000022,0.000000,0.013248
Q_ind_148_anc_3-2,0.004377,0.000090,0.000000,0.032443
Q_ind_149_anc_3-2,0.000759,0.000007,0.000000,0.007171
Q_ind_150_anc_3-2,0.000903,0.000010,0.000000,0.007944
Q_ind_151_anc_3-2,0.003422,0.000116,0.000000,0.024349
Q_ind_152_anc_3-2,0.001104,0.000015,0.000000,0.009938
Q_ind_153_anc_3-2,0.000689,0.000007,0.000000,0.006412
Q_ind_154_anc_3-2,0.002578,0.000044,0.000000,0.020354
Q_ind_155_anc_3-2,0.004457,0.000083,0.000000,0.032999
Q_ind_156_anc_3-2,0.001012,0.000007,0.000000,0.009979
Q_ind_157_anc_3-2,0.007639,0.000533,0.000000,0.048580
Q_ind_158_anc_3-2,0.002411,0.000034,0.000000,0.019859
Q_ind_159_anc_3-2,0.001474,0.000021,0.000000,0.013089
Q_ind_160_anc_3-2,0.001272,0.000010,0.000000,0.013246
Q_ind_161_anc_3-2,0.001418,0.000013,0.000000,0.014154
Q_ind_162_anc_3-2,0.002264,0.000028,0.000000,0.020700
Q_ind_163_anc_3-2,0.000796,0.000010,0.000000,0.007328
Q_ind_164_anc_3-2,0.002259,0.000031,0.000000,0.019763
Q_ind_165_anc_3-2,0.265972,0.268027,0.170942,0.349350
Q_ind_166_anc_3-2,0.251161,0.254057,0.158916,0.331813
Q_ind_167_anc_3-2,0.176501,0.209647,0.000000,0.315586
Q_ind_168_anc_3-2,0.787516,0.789091,0.696771,0.870305
Q_ind_169_anc_3-2,0.450140,0.449301,0.372728,0.536405
Q_ind_170_anc_3-2,0.273531,0.270384,0.081398,0.466760
Q_ind_171_anc_3-2,0.397578,0.399148,0.295411,0.492035
Q_ind_172_anc_3-2,0.437710,0.447617,0.281630,0.539842
Q_ind_173_anc_3-2,0.669140,0.669706,0.590526,0.747787
Q_ind_174_anc_3-2,0.412486,0.414299,0.311613,0.495896
Q_ind_175_anc_3-2,0.590387,0.590601,0.499684,0.679335
Q_ind_176_anc_3-2,0.315637,0.316593,0.225039,0.397959
Q_ind_177_anc_3-2,0.017986,0.001338,0.000000,0.089798
Q_ind_178_anc_3-2,0.021825,0.001267,0.000000,0.111643
Q_ind_179_anc_3-2,0.043374,0.043181,0.000000,0.120739
Q_ind_180_anc_3-2,0.003813,0.000042,0.000000,0.031544
Q_ind_181_anc_3-2,0.289856,0.294046,0.172572,0.381053
Q_ind_182_anc_3-2,0.054565,0.054555,0.000000,0.137897
Q_ind_183_anc_3-2,0.028594,0.008680,0.000000,0.109650
Q_ind_184_anc_3-2,0.219263,0.221356,0.124619,0.295909
Q_ind_185_anc_3-2,0.373915,0.371268,0.136217,0.633631
Q_ind_186_anc_3-2,0.440690,0.440190,0.264534,0.611793
Q_ind_187_anc_3-2,0.318114,0.317314,0.150601,0.486082
Q_ind_188_anc_3-2,0.695677,0.686461,0.513558,0.902152
Q_ind_189_anc_3-2,0.082234,0.044514,0.000000,0.291340
Q_ind_190_anc_3-2,0.976390,0.987445,0.892395,0.999927
Q_ind_191_anc_3-2,0.363485,0.375854,0.073381,0.565936
Q_ind_192_anc_3-2,0.008664,0.000425,0.000000,0.051102
Q_ind_193_anc_3-2,0.002141,0.000018,0.000000,0.021124
Q_ind_194_anc_3-2,0.000401,0.000003,0.000000,0.003920
Q_ind_195_anc_3-2,0.000738,0.000007,0.000000,0.007230
Q_ind_196_anc_3-2,0.000761,0.000005,0.000000,0.007549
Q_ind_197_anc_3-2,0.000666,0.000006,0.000000,0.006442
Q_ind_198_anc_3-2,0.000431,0.000004,0.000000,0.004146
Q_ind_199_anc_3-2,0.000966,0.000009,0.000000,0.009314
Q_ind_200_anc_3-2,0.000602,0.000006,0.000000,0.005403
Q_ind_201_anc_3-2,0.954539,0.954024,0.901570,0.999614
Q_ind_202_anc_3-2,0.001000,0.000010,0.000000,0.009891
Q_ind_203_anc_3-2,0.009167,0.000294,0.000000,0.062868
Q_ind_204_anc_3-2,0.004910,0.000061,0.000000,0.046886
Q_ind_205_anc_3-2,0.013099,0.000493,0.000000,0.082828
Q_ind_206_anc_3-2,0.010921,0.000355,0.000000,0.074750
Q_ind_207_anc_3-2,0.009315,0.000099,0.000000,0.098297
Q_ind_208_anc_3-2,0.385627,0.386748,0.307655,0.460787
Q_ind_209_anc_3-2,0.024905,0.008627,0.000000,0.102081
Q_ind_210_anc_3-2,0.219988,0.231380,0.057412,0.330542
Q_ind_211_anc_3-2,0.009401,0.000245,0.000000,0.070312
Q_ind_212_anc_3-2,0.826559,0.827762,0.766256,0.880531
Q_ind_213_anc_3-2,0.594149,0.594006,0.504752,0.681576
Q_ind_214_anc_3-2,0.566397,0.566269,0.484922,0.644300
Q_ind_215_anc_3-2,0.496966,0.498630,0.393155,0.587727
Q_ind_216_anc_3-2,0.530334,0.535107,0.412411,0.627556
Q_ind_217_anc_3-2,0.540692,0.541858,0.463461,0.615045
Q_ind_218_anc_3-2,0.653533,0.652846,0.569773,0.742254
Q_ind_219_anc_3-2,0.524447,0.525974,0.414950,0.619679
Q_ind_220_anc_3-2,0.581852,0.583212,0.478583,0.680836
Q_ind_221_anc_3-2,0.591021,0.591160,0.501317,0.679585
Q_ind_222_anc_3-2,0.544750,0.544985,0.461832,0.627356
Q_ind_223_anc_3-2,0.680643,0.683200,0.597480,0.758878
Q_ind_224_anc_3-2,0.670391,0.671180,0.611631,0.724689
Q_ind_225_anc_3-2,0.160252,0.156322,0.000000,0.382480
Q_ind_226_anc_3-2,0.604975,0.609491,0.512301,0.675274
Q_ind_227_anc_3-2,0.257668,0.246056,0.000015,0.569276
Q_ind_228_anc_3-2,0.059461,0.014266,0.000000,0.238484
Q_ind_229_anc_3-2,0.147714,0.154587,0.000000,0.382715
Q_ind_230_anc_3-2,0.482926,0.490583,0.318382,0.604758
Q_ind_231_anc_3-2,0.609888,0.609959,0.549163,0.669513
Q_ind_232_anc_3-2,0.745298,0.751935,0.611332,0.855679
Q_ind_233_anc_3-2,0.308762,0.308092,0.165594,0.449268
Q_ind_234_anc_3-2,0.048418,0.003817,0.000000,0.285018
Q_ind_235_anc_3-2,0.408126,0.420262,0.238047,0.521965
Q_ind_236_anc_3-2,0.162172,0.162980,0.000000,0.342616
Q_ind_237_anc_3-2,0.363054,0.383788,0.154110,0.494401
Q_ind_238_anc_3-2,0.530132,0.530421,0.443732,0.614329
Q_ind_239_anc_3-2,0.358072,0.374966,0.183471,0.465286
Q_ind_240_anc_3-2,0.574917,0.575703,0.495699,0.653729
Q_ind_241_anc_3-2,0.462020,0.475009,0.283782,0.584447
Q_ind_242_anc_3-2,0.446867,0.451950,0.324755,0.540609
Q_ind_243_anc_3-2,0.756504,0.757675,0.669393,0.837916
Q_ind_244_anc_3-2,0.012596,0.000170,0.000000,0.110519
Q_ind_245_anc_3-2,0.772932,0.774018,0.692710,0.849926
Q_ind_1_anc_3-3,0.578526,0.581114,0.490144,0.653196
Q_ind_2_anc_3-3,0.645966,0.647216,0.560489,0.725935
Q_ind_3_anc_3-3,0.659332,0.659689,0.588615,0.725990
Q_ind_4_anc_3-3,0.704136,0.703598,0.633919,0.774564
Q_ind_5_anc_3-3,0.425113,0.424921,0.336740,0.511308
Q_ind_6_anc_3-3,0.629717,0.630348,0.556443,0.702060
Q_ind_7_anc_3-3,0.760394,0.760042,0.682034,0.838745
Q_ind_8_anc_3-3,0.626882,0.626918,0.560677,0.694849
Q_ind_9_anc_3-3,0.679929,0.680730,0.594045,0.758544
Q_ind_10_anc_3-3,0.651380,0.651896,0.572921,0.727664
Q_ind_11_anc_3-3,0.695726,0.695719,0.622330,0.767162
Q_ind_12_anc_3-3,0.651392,0.651586,0.572529,0.728662
Q_ind_13_anc_3-3,0.001629,0.000020,0.000000,0.014184
Q_ind_14_anc_3-3,0.003252,0.000030,0.000000,0.032804
Q_ind_15_anc_3-3,0.007967,0.000177,0.000000,0.062663
Q_ind_16_anc_3-3,0.011680,0.000316,0.000000,0.084523
Q_ind_17_anc_3-3,0.001244,0.000011,0.000000,0.012837
Q_ind_18_anc_3-3,0.003466,0.000028,0.000000,0.032267
Q_ind_19_anc_3-3,0.002223,0.000027,0.000000,0.021883
Q_ind_20_anc_3-3,0.000391,0.000004,0.000000,0.003578
Q_ind_21_anc_3-3,0.541969,0.541956,0.452289,0.627145
Q_ind_22_anc_3-3,0.591898,0.590664,0.489822,0.696763
Q_ind_23_anc_3-3,0.617572,0.618739,0.524181,0.703547
Q_ind_24_anc_3-3,0.498289,0.494539,0.364787,0.633730
Q_ind_25_anc_3-3,0.607661,0.606556,0.527190,0.686605
Q_ind_26_anc_3-3,0.613826,0.612324,0.523774,0.714407
Q_ind_27_anc_3-3,0.580896,0.582606,0.488369,0.662906
Q_ind_28_anc_3-3,0.633517,0.633446,0.537990,0.728569
Q_ind_29_anc_3-3,0.573158,0.573108,0.471061,0.673664
Q_ind_30_anc_3-3,0.554880,0.554858,0.465701,0.645897
Q_ind_31_anc_3-3,0.699957,0.696260,0.591859,0.812828
Q_ind_32_anc_3-3,0.780320,0.790796,0.655720,0.868923
Q_ind_33_anc_3-3,0.682763,0.681485,0.588713,0.784978
Q_ind_34_anc_3-3,0.766008,0.788323,0.599042,0.871282
Q_ind_35_anc_3-3,0.706558,0.713034,0.570854,0.817222
Q_ind_36_anc_3-3,0.694298,0.692791,0.587203,0.805603
Q_ind_37_anc_3-3,0.622367,0.619515,0.521660,0.733476
Q_ind_38_anc_3-3,0.696707,0.692873,0.593782,0.813649
Q_ind_39_anc_3-3,0.016873,0.000469,0.000000,0.122656
Q_ind_40_anc_3-3,0.570657,0.567857,0.445153,0.712677
Q_ind_41_anc_3-3,0.519385,0.498896,0.379629,0.776569
Q_ind_42_anc_3-3,0.053886,0.055196,0.000065,0.098981
Q_ind_43_anc_3-3,0.029608,0.006670,0.000000,0.121690
Q_ind_44_anc_3-3,0.068610,0.075002,0.000000,0.122591
Q_ind_45_anc_3-3,0.091387,0.094273,0.000328,0.141965
Q_ind_46_anc_3-3,0.066711,0.066921,0.025496,0.106215
Q_ind_47_anc_3-3,0.033160,0.030107,0.000000,0.096832
Q_ind_48_anc_3-3,0.020278,0.005973,0.000000,0.080427
Q_ind_49_anc_3-3,0.071381,0.072736,0.021272,0.111462
Q_ind_50_anc_3-3,0.041688,0.046569,0.000000,0.093154
Q_ind_51_anc_3-3,0.001562,0.000020,0.000000,0.012810
Q_ind_52_anc_3-3,0.000840,0.000008,0.000000,0.007642
Q_ind_53_anc_3-3,0.000571,0.000005,0.000000,0.005554
Q_ind_54_anc_3-3,0.001018,0.000010,0.000000,0.009544
Q_ind_55_anc_3-3,0.000692,0.000006,0.000000,0.006516
Q_ind_56_anc_3-3,0.000886,0.000007,0.000000,0.007783
Q_ind_57_anc_3-3,0.000611,0.000006,0.000000,0.005681
Q_ind_58_anc_3-3,0.000813,0.000009,0.000000,0.007722
Q_ind_59_anc_3-3,0.001234,0.000010,0.000000,0.011990
Q_ind_60_anc_3-3,0.000702,0.000007,0.000000,0.006253
Q_ind_61_anc_3-3,0.001679,0.000018,0.000000,0.015072
Q_ind_62_anc_3-3,0.002975,0.000025,0.000000,0.031252
Q_ind_63_anc_3-3,0.004546,0.000414,0.000000,0.026345
Q_ind_64_anc_3-3,0.001139,0.000012,0.000000,0.010935
Q_ind_65_anc_3-3,0.001302,0.000023,0.000000,0.010373
Q_ind_66_anc_3-3,0.001449,0.000020,0.000000,0.012904
Q_ind_67_anc_3-3,0.107619,0.113873,0.000890,0.163565
Q_ind_68_anc_3-3,0.161871,0.160747,0.080995,0.248275
Q_ind_69_anc_3-3,0.003343,0.000056,0.000000,0.030708
Q_ind_70_anc_3-3,0.001099,0.000011,0.000000,0.009968
Q_ind_71_anc_3-3,0.207605,0.205870,0.125403,0.294684
Q_ind_72_anc_3-3,0.251436,0.245115,0.151779,0.363570
Q_ind_73_anc_3-3,0.200123,0.198401,0.123070,0.289285
Q_ind_74_anc_3-3,0.003846,0.000052,0.000000,0.037530
Q_ind_75_anc_3-3,0.002039,0.000018,0.000000,0.020645
Q_ind_76_anc_3-3,0.298491,0.305527,0.201603,0.362196
Q_ind_77_anc_3-3,0.607809,0.598066,0.495848,0.801846
Q_ind_78_anc_3-3,0.572445,0.571727,0.474776,0.672159
Q_ind_79_anc_3-3,0.512075,0.511405,0.423561,0.604507
Q_ind_80_anc_3-3,0.645786,0.636731,0.548249,0.816912
Q_ind_81_anc_3-3,0.682233,0.693967,0.519546,0.786919
Q_ind_82_anc_3-3,0.637121,0.636086,0.527535,0.750976
Q_ind_83_anc_3-3,0.599539,0.597452,0.485287,0.715755
Q_ind_84_anc_3-3,0.601636,0.596788,0.497040,0.731068
Q_ind_85_anc_3-3,0.556138,0.555184,0.465875,0.648794
Q_ind_86_anc_3-3,0.685424,0.725120,0.486835,0.805160
Q_ind_87_anc_3-3,0.782213,0.793939,0.654228,0.851206
Q_ind_88_anc_3-3,0.290792,0.301555,0.143719,0.381775
Q_ind_89_anc_3-3,0.316827,0.321952,0.227759,0.382302
Q_ind_90_anc_3-3,0.228936,0.258462,0.000010,0.342380
Q_ind_91_anc_3-3,0.145330,0.144519,0.042058,0.250070
Q_ind_92_anc_3-3,0.061812,0.025865,0.000000,0.252981
Q_ind_93_anc_3-3,0.202646,0.201777,0.104303,0.299007
Q_ind_94_anc_3-3,0.007225,0.000077,0.000000,0.064226
Q_ind_95_anc_3-3,0.092873,0.090859,0.000000,0.253474
Q_ind_96_anc_3-3,0.001068,0.000012,0.000000,0.009706
Q_ind_97_anc_3-3,0.001530,0.000021,0.000000,0.014585
Q_ind_98_anc_3-3,0.000313,0.000003,0.000000,0.002979
Q_ind_99_anc_3-3,0.000521,0.000004,0.000000,0.004749
Q_ind_100_anc_3-3,0.000509,0.000005,0.000000,0.004994
Q_ind_101_anc_3-3,0.000456,0.000004,0.000000,0.004381
Q_ind_102_anc_3-3,0.000420,0.000004,0.000000,0.003983
Q_ind_103_anc_3-3,0.001133,0.000009,0.000000,0.011325
Q_ind_104_anc_3-3,0.000518,0.000004,0.000000,0.005071
Q_ind_105_anc_3-3,0.000379,0.000004,0.000000,0.003353
Q_ind_106_anc_3-3,0.004339,0.000076,0.000000,0.033102
Q_ind_107_anc_3-3,0.410004,0.407067,0.303674,0.535422
Q_ind_108_anc_3-3,0.432068,0.430940,0.323398,0.547837
Q_ind_109_anc_3-3,0.528299,0.522347,0.359146,0.694227
Q_ind_110_anc_3-3,0.409523,0.410452,0.300790,0.513568
Q_ind_111_anc_3-3,0.488175,0.489644,0.381102,0.589681
Q_ind_112_anc_3-3,0.166536,0.171825,0.003863,0.264081
Q_ind_113_anc_3-3,0.637690,0.653429,0.466985,0.744268
Q_ind_114_anc_3-3,0.538291,0.537426,0.392743,0.687820
Q_ind_115_anc_3-3,0.001737,0.000021,0.000000,0.016652
Q_ind_116_anc_3-3,0.001695,0.000016,0.000000,0.017326
Q_ind_117_anc_3-3,0.001188,0.000014,0.000000,0.011222
Q_ind_118_anc_3-3,0.001706,0.000021,0.000000,0.015742
Q_ind_119_anc_3-3,0.001449,0.000013,0.000000,0.013790
Q_ind_120_anc_3-3,0.000583,0.000005,0.000000,0.005466
Q_ind_121_anc_3-3,0.002950,0.000038,0.000000,0.025121
Q_ind_122_anc_3-3,0.000784,0.000007,0.000000,0.007568
Q_ind_123_anc_3-3,0.001432,0.000016,0.000000,0.013045
Q_ind_124_anc_3-3,0.000911,0.000008,0.000000,0.008673
Q_ind_125_anc_3-3,0.688120,0.694690,0.548760,0.812689
Q_ind_126_anc_3-3,0.591192,0.591717,0.455198,0.711061
Q_ind_127_anc_3-3,0.578549,0.573646,0.458034,0.724978
Q_ind_128_anc_3-3,0.602823,0.612937,0.427590,0.736062
Q_ind_129_anc_3-3,0.618773,0.621632,0.504780,0.720605
Q_ind_130_anc_3-3,0.673520,0.680041,0.530166,0.781925
Q_ind_131_anc_3-3,0.203108,0.203201,0.108058,0.303283
Q_ind_132_anc_3-3,0.117265,0.121159,0.000001,0.216479
Q_ind_133_anc_3-3,0.579932,0.577165,0.480277,0.689522
Q_ind_134_anc_3-3,0.549750,0.550148,0.468833,0.629065
Q_ind_135_anc_3-3,0.720320,0.717290,0.614426,0.821576
Q_ind_136_anc_3-3,0.516650,0.516301,0.434494,0.602367
Q_ind_137_anc_3-3,0.518441,0.518798,0.433278,0.599721
Q_ind_138_anc_3-3,0.416745,0.417628,0.324563,0.509680
Q_ind_139_anc_3-3,0.426350,0.426036,0.349627,0.502941
Q_ind_140_anc_3-3,0.534886,0.534276,0.445556,0.629563
Q_ind_141_anc_3-3,0.573919,0.574385,0.480560,0.668680
Q_ind_142_anc_3-3,0.001012,0.000011,0.000000,0.009482
Q_ind_143_anc_3-3,0.626827,0.625823,0.524256,0.747206
Q_ind_144_anc_3-3,0.628040,0.629734,0.534986,0.715240
Q_ind_145_anc_3-3,0.002414,0.000122,0.000000,0.015570
Q_ind_146_anc_3-3,0.031863,0.033874,0.000000,0.067420
Q_ind_147_anc_3-3,0.003687,0.000162,0.000000,0.023457
Q_ind_148_anc_3-3,0.030503,0.031790,0.000000,0.059109
Q_ind_149_anc_3-3,0.000714,0.000008,0.000000,0.006817
Q_ind_150_anc_3-3,0.002610,0.000053,0.000000,0.019648
Q_ind_151_anc_3-3,0.006753,0.000997,0.000000,0.034047
Q_ind_152_anc_3-3,0.001293,0.000017,0.000000,0.011814
Q_ind_153_anc_3-3,0.001183,0.000018,0.000000,0.010188
Q_ind_154_anc_3-3,0.003319,0.000080,0.000000,0.024913
Q_ind_155_anc_3-3,0.000919,0.000010,0.000000,0.008377
Q_ind_156_anc_3-3,0.496139,0.497782,0.410678,0.572618
Q_ind_157_anc_3-3,0.584934,0.586000,0.504510,0.661118
Q_ind_158_anc_3-3,0.559149,0.558346,0.476488,0.643527
Q_ind_159_anc_3-3,0.569514,0.569307,0.490896,0.651226
Q_ind_160_anc_3-3,0.455376,0.455478,0.375518,0.536387
Q_ind_161_anc_3-3,0.483663,0.481659,0.412452,0.565773
Q_ind_162_anc_3-3,0.554982,0.554927,0.477621,0.635011
Q_ind_163_anc_3-3,0.508716,0.508318,0.427903,0.589403
Q_ind_164_anc_3-3,0.591003,0.590088,0.514614,0.670291
Q_ind_165_anc_3-3,0.681484,0.682637,0.593151,0.766065
Q_ind_166_anc_3-3,0.699206,0.700249,0.603638,0.784224
Q_ind_167_anc_3-3,0.758377,0.752947,0.658613,0.869557
Q_ind_168_anc_3-3,0.174872,0.175633,0.090640,0.259044
Q_ind_169_anc_3-3,0.140235,0.141191,0.035326,0.235292
Q_ind_170_anc_3-3,0.626394,0.625377,0.517537,0.735406
Q_ind_171_anc_3-3,0.569388,0.569823,0.474057,0.661731
Q_ind_172_anc_3-3,0.538694,0.538439,0.456354,0.629217
Q_ind_173_anc_3-3,0.327062,0.326236,0.249483,0.403892
Q_ind_174_anc_3-3,0.570716,0.571040,0.489156,0.648839
Q_ind_175_anc_3-3,0.354065,0.353213,0.258688,0.455053
Q_ind_176_anc_3-3,0.216518,0.214792,0.121722,0.317981
Q_ind_177_anc_3-3,0.453057,0.454802,0.366853,0.538599
Q_ind_178_anc_3-3,0.520649,0.521888,0.426902,0.603908
Q_ind_179_anc_3-3,0.477901,0.478722,0.386310,0.567403
Q_ind_180_anc_3-3,0.686740,0.688183,0.612176,0.753866
Q_ind_181_anc_3-3,0.290436,0.288640,0.186299,0.417982
Q_ind_182_anc_3-3,0.462138,0.462618,0.360319,0.552431
Q_ind_183_anc_3-3,0.531882,0.533970,0.436634,0.619116
Q_ind_184_anc_3-3,0.278581,0.275708,0.188236,0.383830
Q_ind_185_anc_3-3,0.366889,0.365675,0.231746,0.497867
Q_ind_186_anc_3-3,0.282957,0.282600,0.184235,0.380113
Q_ind_187_anc_3-3,0.358484,0.357469,0.269897,0.457290
Q_ind_188_anc_3-3,0.115781,0.121983,0.000000,0.218015
Q_ind_189_anc_3-3,0.493767,0.502952,0.379676,0.572839
Q_ind_190_anc_3-3,0.014356,0.000499,0.000000,0.097761
Q_ind_191_anc_3-3,0.305821,0.301580,0.189876,0.451921
Q_ind_192_anc_3-3,0.896166,0.895696,0.819073,0.975087
Q_ind_193_anc_3-3,0.929945,0.932646,0.865189,0.980653
Q_ind_194_anc_3-3,0.991167,0.995540,0.964240,0.999988
Q_ind_195_anc_3-3,0.882119,0.883356,0.813587,0.940284
Q_ind_196_anc_3-3,0.978914,0.984018,0.933933,0.999955
Q_ind_197_anc_3-3,0.994800,0.997649,0.974044,0.999992
Q_ind_198_anc_3-3,0.995497,0.998095,0.976245,0.999995
Q_ind_199_anc_3-3,0.901040,0.899627,0.830678,0.992603
Q_ind_200_anc_3-3,0.990558,0.996086,0.954189,0.999991
Q_ind_201_anc_3-3,0.002095,0.000019,0.000000,0.018967
Q_ind_202_anc_3-3,0.939983,0.946628,0.865076,0.986631
Q_ind_203_anc_3-3,0.776601,0.776527,0.691838,0.857775
Q_ind_204_anc_3-3,0.866890,0.871932,0.780393,0.929460
Q_ind_205_anc_3-3,0.884038,0.886588,0.810216,0.938335
Q_ind_206_anc_3-3,0.794300,0.795283,0.707573,0.872796
Q_ind_207_anc_3-3,0.735445,0.735553,0.638940,0.827936
Q_ind_208_anc_3-3,0.226989,0.227159,0.129076,0.327646
Q_ind_209_anc_3-3,0.856301,0.863039,0.765363,0.917779
Q_ind_210_anc_3-3,0.638867,0.627014,0.507550,0.792197
Q_ind_211_anc_3-3,0.801412,0.802543,0.708986,0.883588
Q_ind_212_anc_3-3,0.001053,0.000008,0.000000,0.009796
Q_ind_213_anc_3-3,0.387692,0.386489,0.301214,0.477671
Q_ind_214_anc_3-3,0.387519,0.388266,0.300668,0.471449
Q_ind_215_anc_3-3,0.404832,0.402675,0.305893,0.516494
Q_ind_216_anc_3-3,0.400634,0.401197,0.298027,0.499029
Q_ind_217_anc_3-3,0.454587,0.453740,0.379844,0.530881
Q_ind_218_anc_3-3,0.187158,0.188342,0.078636,0.285783
Q_ind_219_anc_3-3,0.431271,0.432066,0.341768,0.515712
Q_ind_220_anc_3-3,0.354595,0.356693,0.251958,0.448419
Q_ind_221_anc_3-3,0.233024,0.232238,0.142352,0.326567
Q_ind_222_anc_3-3,0.426921,0.428068,0.333331,0.512244
Q_ind_223_anc_3-3,0.070024,0.067722,0.000000,0.179024
Q_ind_224_anc_3-3,0.000865,0.000007,0.000000,0.008652
Q_ind_225_anc_3-3,0.475318,0.484728,0.288659,0.595876
Q_ind_226_anc_3-3,0.026886,0.004056,0.000000,0.146979
Q_ind_227_anc_3-3,0.437595,0.443026,0.272984,0.589685
Q_ind_228_anc_3-3,0.564707,0.570909,0.458253,0.639703
Q_ind_229_anc_3-3,0.511660,0.519394,0.333137,0.637257
Q_ind_230_anc_3-3,0.381075,0.379785,0.280975,0.488733
Q_ind_231_anc_3-3,0.004019,0.000050,0.000000,0.040552
Q_ind_232_anc_3-3,0.131165,0.132214,0.000113,0.243661
Q_ind_233_anc_3-3,0.449657,0.451193,0.345927,0.540242
Q_ind_234_anc_3-3,0.147204,0.157108,0.007812,0.211429
Q_ind_235_anc_3-3,0.032999,0.020378,0.000000,0.126458
Q_ind_236_anc_3-3,0.153563,0.153133,0.054332,0.248460
Q_ind_237_anc_3-3,0.039796,0.019612,0.000000,0.151357
Q_ind_238_anc_3-3,0.003283,0.000036,0.000000,0.028937
Q_ind_239_anc_3-3,0.027456,0.003010,0.000000,0.128020
Q_ind_240_anc_3-3,0.001302,0.000015,0.000000,0.012571
Q_ind_241_anc_3-3,0.036482,0.024652,0.000000,0.128603
Q_ind_242_anc_3-3,0.015123,0.000985,0.000000,0.083395
Q_ind_243_anc_3-3,0.000572,0.000005,0.000000,0.005790
Q_ind_244_anc_3-3,0.216106,0.217472,0.157180,0.265190
Q_ind_245_anc_3-3,0.000621,0.000005,0.000000,0.005536
