0 2e-05 0.99998 0 0 0 0
0 0.00024 0.99975 1e-05 0 0 0
0 0 1 0 0 0 0
0 1e-05 0.99998 1e-05 0 0 0
0 0.00036 0.9994 0 0.00024 0 0
0 0 1 0 0 0 0
0 0 1 0 0 0 0
0 0 1 0 0 0 0
0 3e-05 0.99995 2e-05 0 0 0
0 0 1 0 0 0 0
0 1e-05 0.99999 0 0 0 0
0 0 1 0 0 0 0
0.99996 2e-05 0 0 2e-05 0 0
0.99862 0.00105 8e-05 0 0.00025 0 0
0.99956 0.00029 1e-05 0 0.00015 0 0
0.99952 2e-04 1e-05 0 0.00026 0 0
0.99974 2e-04 0 0 7e-05 0 0
0.9997 0.00019 2e-05 0 8e-05 0 0
0.99993 2e-05 0 0 5e-05 0 0
0.99973 0.00017 5e-05 0 6e-05 0 0
0 1e-05 0 0 0.99999 0 0
0 0 0 0 1 0 0
0 0 0 0 1 0 0
0 0.00021 1e-05 0 0.99979 0 0
0 0 0 0 1 0 0
0 0 0 0 1 0 0
0 2e-05 0 0 0.99998 0 0
0 0 0 0 1 0 0
0 0 0 0 1 0 0
0 0 0 0 1 0 0
0 0 0 1 0 0 0
0 0 0 1 0 0 0
0 0 0 1 0 0 0
0 0 0 1 0 0 0
0 0 0 1 0 0 0
0 0 0 1 0 0 0
0 0 0 1 0 0 0
0 0 0 1 0 0 0
0 3e-05 0 0.99997 0 0 0
0 4e-05 1e-05 0.99995 0 0 0
0 0 0 1 0 0 0
0 1e-05 0 0 0 0 0.99999
1e-05 3e-05 0 0 0 0 0.99996
0.00019 0.00028 0 0 0 0 0.99953
0 0 0 0 0 0 0.99999
1e-05 6e-05 0 0 0 0 0.99993
0.00014 6e-05 0 0 0 0 0.9998
0.00013 5e-05 0 0 0 0 0.99982
1 0 0 0 0 0 0
1 0 0 0 0 0 0
1 0 0 0 0 0 0
1 0 0 0 0 0 0
1 0 0 0 0 0 0
1 0 0 0 0 0 0
0.98905 0.01074 0.00018 0 2e-05 0 1e-05
1 0 0 0 0 0 0
1 0 0 0 0 0 0
1 0 0 0 0 0 0
1 0 0 0 0 0 0
1 0 0 0 0 0 0
0 0 0 0 0 0 1
0 0.00926 0 0 0 0 0.99074
0 5e-05 0 0 0 0 0.99995
0 1e-05 0 0 0 0 0.99999
0 1e-05 0 0 0 0 0.99999
0 0 0 0 0 0 1
0 0.00929 0 0 0 0 0.99071
0 0.04248 1e-05 0 0 0 0.95751
0 0 0 0 0 0 1
0 1e-05 3e-05 0 0.99996 0 0
0 0 1e-05 0 0.99999 0 0
0 0 1e-05 0 0.99999 0 0
0 0 0 0 1 0 0
0 0 1e-05 0 0.99999 0 0
0 3e-05 0.00015 0 0.99982 0 0
0 0 1e-05 0 0.99999 0 0
0 1e-05 3e-05 0 0.99997 0 0
0 0 0 0 1 0 0
0 1e-05 2e-05 0 0.99997 0 0
0 0 0 0 0.99999 0 0
1e-05 0.00019 0.99968 0 0.00012 0 0
0 0 0.99998 0 1e-05 0 0
7e-05 0.00018 0.99968 0 7e-05 0 0
0 0 0.99996 0 3e-05 0 0
2e-05 9e-05 0.99977 0 0.00012 0 0
1e-05 3e-05 0.99992 0 3e-05 0 0
1e-05 0.00179 0.99761 0 0.00059 0 0
1e-05 0.00013 0.99981 0 5e-05 0 0
1 0 0 0 0 0 0
1 0 0 0 0 0 0
0.99993 1e-05 0 0 7e-05 0 0
0.99999 1e-05 0 0 0 0 0
1 0 0 0 0 0 0
1 0 0 0 0 0 0
1 0 0 0 0 0 0
1 0 0 0 0 0 0
1 0 0 0 0 0 0
1 0 0 0 0 0 0
0 0.99889 0.00093 0 0.00017 0 1e-05
0 0.9992 0.00046 0 0.00034 0 0
0 0.99853 0.00103 0 0.00044 0 0
0 0.99993 3e-05 0 4e-05 0 0
0 0.99987 7e-05 0 5e-05 0 0
1e-05 0.99595 0.00213 0 0.00192 0 0
0 0.99784 0.00144 0 0.00073 0 0
0 0.99796 0.00152 0 0.00052 0 0
1 0 0 0 0 0 0
1 0 0 0 0 0 0
1 0 0 0 0 0 0
1 0 0 0 0 0 0
1 0 0 0 0 0 0
1 0 0 0 0 0 0
1 0 0 0 0 0 0
1 0 0 0 0 0 0
1 0 0 0 0 0 0
0 1e-05 6e-05 0 0.99993 0 0
0 0.00033 0.00131 0 0.99836 0 0
0 2e-05 0.00045 0 0.99953 0 0
0 3e-05 0.00077 0 0.9992 0 0
0 1e-05 2e-05 0 0.99997 0 0
0 5e-05 0.00025 0 0.9997 0 0
0 0.00052 0.00674 0 0.99274 0 0
0 0.00155 0.00918 0 0.98927 0 0
0 1e-05 0 0 0.99999 0 0
0 2e-05 0 0 0.99998 0 0
0 1e-05 0 0 0.99999 0 0
0 8e-05 0 0 0.99992 0 0
0 8e-05 0 0 0.99992 0 0
0 0.00025 0 0 0.99975 0 0
0 5e-05 0 0 0.99995 0 0
0 6e-05 0 0 0.99994 0 0
0 4e-05 0 0 0.99996 0 0
0 0.02494 1e-05 0 0.97505 0 0
0 8e-05 0 0 0.99992 0 0
0 1e-05 0 0 0.99999 0 0
0 0 1 0 0 0 0
0 0 1 0 0 0 0
0 0 1 0 0 0 0
0 0 1 0 0 0 0
0 0 1 0 0 0 0
0 0 1 0 0 0 0
0 0 1 0 0 0 0
0 0 1 0 0 0 0
0 0 1 0 0 0 0
0 0.61888 0.16706 2e-05 0.21404 0 0
0 0.74557 0.03601 3e-05 0.21839 0 0
0 0.7709 0.00353 0 0.22557 0 0
0 0.02985 3e-05 0 0.97013 0 0
0 0.00207 0.09937 0 0.89856 0 0
0 0 0 0 1 0 0
0 7e-05 0 0 0.99993 0 0
0 0 0 0 1 0 0
0 0 0 0 1 0 0
0 0 0 0 1 0 0
0 0.00269 0 0 0.99731 0 0
0 1e-05 0.99892 0 0.00108 0 0
0 2e-05 0.97831 0 0.02167 0 0
0 0 0.5682 0 0.43179 0 0
0 0 0.7171 0 0.2829 0 0
0 1e-05 0.41847 0 0.58152 0 0
0 0.00064 0.78434 0 0.21502 0 0
0 2e-05 0.62469 0 0.37529 0 0
0 0 0.51966 0 0.48034 0 0
0 2e-05 0.8872 0 0.11277 0 0
0 0.99615 0 0 0.00033 0 0.00352
0 0.99894 0 0 0.00025 0 0.00081
0 0.97249 0 0 2e-05 0 0.02749
0 0.99885 0 0 0.00026 0 0.00089
0 0.99866 1e-05 0 0.00021 0 0.00112
0 0.9991 0 0 0.00037 0 0.00053
0 0 0 0 0 1 0
0 0 0 0 0 1 0
0 0 0 0 0 1 0
0 0 0 0 0 1 0
0 0 0 0 0 1 0
0 0 0 0 0 1 0
0 0 0 0 0 1 0
0 0.99999 0 0 0 0 1e-05
0 0 0 0 0 1 0
0 0.00054 0.12646 0.87301 0 0 0
0 3e-05 0.0308 0.96918 0 0 0
0 0.00011 0.01309 0.98681 0 0 0
0 0 0.01105 0.98895 0 0 0
0 7e-05 0.31668 0.68325 0 0 0
0 0.00676 0.99323 0 0 0 0
0 0 0.00024 0.99976 0 0 0
0 0.12335 0.79608 0.08057 0 0 0
0 2e-05 0.03539 0.96459 0 0 0
0.00872 0.82931 0.16166 8e-05 0.00023 0 1e-05
0 0.00394 0 0 0.99606 0 0
0 0.00026 0 0 0.99974 0 0
0 0.00052 2e-05 0 0.99946 0 0
0 0.00157 0 0 0.99843 0 0
0 0.00045 0 0 0.99955 0 0
0 0.00022 0 0 0.99977 0 0
0 0.00064 0 0 0.99935 0 0
0 0.00023 0 0 0.99977 0 0
0 0.00535 0.00015 0 0.99449 0 0
0 0.00194 1e-05 0 0.99805 0 0
0 0.00142 0.99858 0 0 0 1e-05
4e-05 0.22559 0.77069 0 0.00368 0 0
0 0.00294 0.99703 0 0 0 3e-05
0 0.00077 0.99923 0 0 0 0
0 0.00756 0.9924 0 0 0 3e-05
0 0.00022 0.99978 0 0 0 1e-05
0 0.00081 0.99919 0 0 0 0
0 0.02333 0.97666 0 0 0 1e-05
0 8e-04 0.9992 0 0 0 0
0 0.04188 0.95781 0 0 0 3e-04
0 0.00025 0.99975 0 0 0 0
0 0 0 0 0 0 1
0 0 0 0 0 0 1
0 0 0 0 0 0 1
0 0 0 0 0 0 1
0 0 0 0 0 0 1
0 0 0 0 0 0 1
0 0 0 0 0 0 1
0 0 0 0 0 0 1
0 0 0 0 0 0 1
0 0 0 0 0 0 1
0 0 0 0 0 0 1
0 0 0 0 0 0 1
