0.99997 0 0 0 3e-05 0
0.99979 0 0 1e-05 0.00021 0
1 0 0 0 0 0
1 0 0 0 0 0
0.99761 0 0 0 0.00239 0
1 0 0 0 0 0
1 0 0 0 0 0
1 0 0 0 0 0
0.99997 0 0 2e-05 1e-05 0
1 0 0 0 0 0
1 0 0 0 0 0
1 0 0 0 0 0
0 0 0.99983 0 0.00017 0
0.00015 0 0.99348 0 0.00637 0
1e-05 0 0.99819 0 0.0018 0
3e-05 0 0.99724 0 0.00273 0
0 0 0.9988 0 0.0012 0
5e-05 0 0.99848 0 0.00147 0
0 0 0.99955 0 0.00045 0
8e-05 0 0.99878 0 0.00114 0
0 0 0 0 1 0
0 0 0 0 1 0
0 0 0 0 1 0
6e-05 0 0 0 0.99994 0
0 0 0 0 1 0
0 0 0 0 1 0
0 0 0 0 1 0
0 0 0 0 1 0
0 0 0 0 1 0
0 0 0 0 1 0
0 0 0 1 0 0
0 0 0 1 0 0
0 0 0 1 0 0
0 0 0 1 0 0
0 0 0 1 0 0
0 0 0 1 0 0
0 0 0 1 0 0
0 0 0 1 0 0
0 0 0 0.99999 1e-05 0
3e-05 0 0 0.99996 0 0
0 0 0 1 0 0
0 0.99993 7e-05 0 0 0
0 0.9999 1e-04 0 0 0
1e-05 0.99856 0.00139 0 4e-05 0
0 0.99994 6e-05 0 0 0
0 0.99986 0.00014 0 0 0
0 0.99878 0.00121 0 1e-05 0
0 0.99906 0.00093 0 0 0
0 0 1 0 0 0
0 0 1 0 0 0
0 0 1 0 0 0
0 0 1 0 0 0
0 0 1 0 0 0
0 0 1 0 0 0
3e-04 0.00016 0.99302 0 0.00653 0
0 0 1 0 0 0
0 0 1 0 0 0
0 0 1 0 0 0
0 0 1 0 0 0
0 0 1 0 0 0
0 1 0 0 0 0
0 0.99999 0 0 1e-05 0
0 1 0 0 0 0
0 1 0 0 0 0
0 1 0 0 0 0
0 1 0 0 0 0
0 0.99999 0 0 1e-05 0
0 0.99961 0 0 0.00039 0
0 1 0 0 0 0
0.00063 0 0 0 0.99937 0
0.00054 0 0 0 0.99946 0
0.00035 0 0 0 0.99965 0
5e-05 0 0 0 0.99995 0
0.00061 0 0 0 0.99939 0
0.00206 0 0 0 0.99794 0
0.00079 0 0 0 0.99921 0
8e-04 0 0 0 0.9992 0
6e-05 0 0 0 0.99994 0
0.00059 0 0 0 0.99941 0
0.00012 0 0 0 0.99988 0
0.99762 0 1e-05 0 0.00237 0
0.99982 0 0 0 0.00018 0
0.99779 0 5e-05 0 0.00215 0
0.99969 0 0 0 0.00031 0
0.99796 0 1e-05 0 0.00202 0
0.99933 0 1e-05 0 0.00067 0
0.98106 0 1e-05 0 0.01893 0
0.99858 0 0 0 0.00142 0
0 0 1 0 0 0
0 0 1 0 0 0
0 0 0.99991 0 9e-05 0
0 0 0.99997 0 2e-05 0
0 0 1 0 0 0
0 0 1 0 0 0
0 0 1 0 0 0
0 0 1 0 0 0
0 0 0.99999 0 1e-05 0
0 0 1 0 0 0
0.01037 0.04385 0 0 0.94578 0
0.00531 0.0077 0 0 0.98699 0
0.01026 0.00553 0 0 0.9842 0
0.00128 0.06966 0 0 0.92905 0
0.0025 0.05097 0 0 0.94653 0
0.01308 0.00057 5e-05 0 0.9863 0
0.01097 0.00285 0 0 0.98617 0
0.01242 0.00673 0 0 0.98085 0
0 0 1 0 0 0
0 0 1 0 0 0
0 0 1 0 0 0
0 0 1 0 0 0
0 0 1 0 0 0
0 0 1 0 0 0
0 0 1 0 0 0
0 0 1 0 0 0
0 0 1 0 0 0
0.00216 0 0 0 0.99784 0
0.00638 0 0 0 0.99362 0
0.00742 0 0 0 0.99258 0
0.01196 0 0 0 0.98804 0
0.00062 0 0 0 0.99938 0
0.00389 0 0 0 0.99611 0
0.0319 0 0 0 0.9681 0
0.03831 0 0 0 0.96169 0
0 0 0 0 1 0
0 0 0 0 1 0
0 0 0 0 1 0
0 0 0 0 1 0
0 0 0 0 1 0
0 0 0 0 1 0
0 0 0 0 1 0
0 0 0 0 1 0
0 0 0 0 1 0
1e-05 0 0 0 0.99999 0
0 0 0 0 1 0
0 0 0 0 1 0
1 0 0 0 0 0
1 0 0 0 0 0
1 0 0 0 0 0
1 0 0 0 0 0
1 0 0 0 0 0
1 0 0 0 0 0
1 0 0 0 0 0
1 0 0 0 0 0
1 0 0 0 0 0
0.08475 0 0 1e-05 0.91524 0
0.02047 0 0 1e-05 0.97952 0
0.00303 0 0 0 0.99697 0
1e-05 0.00012 0 0 0.99987 0
0.12048 0 0 0 0.87952 0
0 0 0 0 1 0
0 0 0 0 1 0
0 0 0 0 1 0
0 0 0 0 1 0
0 0 0 0 1 0
0 0 0 0 1 0
0.99677 0 0 0 0.00323 0
0.98362 0 0 0 0.01638 0
0.93542 0 0 0 0.06458 0
0.97713 0 0 0 0.02287 0
0.8946 0 0 0 0.1054 0
0.78801 0 0 0 0.21199 0
0.90674 0 0 0 0.09326 0
0.93586 0 0 0 0.06414 0
0.95377 0 0 0 0.04623 0
0 0.93835 0 0 0.06165 0
0 0.92026 0 0 0.07974 0
0 0.99601 0 0 0.00399 0
0 0.8634 0 0 0.1366 0
1e-05 0.721 0 0 0.27898 0
0 0.7705 0 0 0.2295 0
0 0 0 0 0 1
0 0 0 0 0 1
0 0 0 0 0 1
0 0 0 0 0 1
0 0 0 0 0 1
0 0 0 0 0 1
0 0 0 0 0 1
6e-05 0.56878 0 0 0.43116 0
0 0 0 0 0 1
0.29278 0 0 0.70714 8e-05 0
0.07234 0 0 0.92765 0 0
0.0376 0 0 0.9624 1e-05 0
0.02456 0 0 0.97544 0 0
0.46991 0 0 0.53008 1e-05 0
0.99864 0 0 0 0.00136 0
0.00115 0 0 0.99885 0 0
0.96884 0 0 0.02945 0.0017 0
0.07103 0 0 0.92897 0 0
0.37569 0.00092 0.03864 0.00041 0.58435 0
1e-05 0 0 0 0.99999 0
1e-05 0 0 0 0.99999 0
0.00012 0 0 0 0.99988 0
2e-05 0 0 0 0.99998 0
1e-05 0 0 0 0.99999 0
3e-05 0 0 0 0.99997 0
2e-05 0 0 0 0.99998 0
0 0 0 0 1 0
0.00038 0 0 0 0.99962 0
3e-05 0 0 0 0.99997 0
0.99989 1e-05 0 0 1e-04 0
0.77565 0 5e-05 0 0.22429 0
0.99985 2e-05 0 0 0.00012 0
0.99975 0 0 0 0.00025 0
0.99966 4e-05 0 0 0.00031 0
0.99998 0 0 0 2e-05 0
0.99994 0 0 0 6e-05 0
0.99901 3e-05 0 0 0.00096 0
0.99995 0 0 0 5e-05 0
0.99627 0.00047 0 0 0.00326 0
0.99997 0 0 0 3e-05 0
0 1 0 0 0 0
0 1 0 0 0 0
0 1 0 0 0 0
0 1 0 0 0 0
0 1 0 0 0 0
0 1 0 0 0 0
0 1 0 0 0 0
0 1 0 0 0 0
0 1 0 0 0 0
0 1 0 0 0 0
0 1 0 0 0 0
0 1 0 0 0 0
