2e-05 0 7e-05 0.99991 0
0.00019 0 0.00039 0.99942 0
0 0 3e-05 0.99997 0
0 0 0.0014 0.9986 0
0.00149 0 2e-05 0.99849 0
0 0 3e-05 0.99997 0
0 0 2e-05 0.99997 0
0 0 2e-05 0.99998 0
1e-05 0 0.00093 0.99905 0
0 0 0.00018 0.99982 0
0 0 0.00046 0.99954 0
0 0 0.00013 0.99987 0
0.00019 0 0 0 0.99981
0.00757 0 0 9e-05 0.99233
0.00204 0 0 1e-05 0.99795
0.00328 0 0 2e-05 0.99671
0.00136 0 0 0 0.99864
0.00172 0 0 3e-05 0.99824
0.00054 0 0 0 0.99946
0.0012 0 0 8e-05 0.99872
1 0 0 0 0
1 0 0 0 0
1 0 0 0 0
0.99995 0 0 5e-05 0
1 0 0 0 0
1 0 0 0 0
1 0 0 0 0
1 0 0 0 0
1 0 0 0 0
1 0 0 0 0
0 0 1 0 0
0 0 1 0 0
0 0 1 0 0
0 0 1 0 0
0 0 1 0 0
0 0 1 0 0
0 0 1 0 0
0 0 1 0 0
0.00103 0 0.99886 0.00011 0
0.00011 0 0.9997 0.00019 0
1e-05 0 0.99999 1e-05 0
0 0.99994 0 0 6e-05
0 0.99991 0 0 9e-05
4e-05 0.99889 0 1e-05 0.00106
0 0.99995 0 0 5e-05
0 0.99988 0 0 0.00011
1e-05 0.999 0 0 0.001
0 0.99921 0 0 0.00078
0 0 0 0 1
0 0 0 0 1
0 0 0 0 1
0 0 0 0 1
0 0 0 0 1
0 0 0 0 1
0.0077 0.00016 0 0.00021 0.99193
0 0 0 0 1
0 0 0 0 1
0 0 0 0 1
0 0 0 0 1
0 0 0 0 1
0 1 0 0 0
1e-05 0.99999 0 0 0
0 1 0 0 0
0 1 0 0 0
0 1 0 0 0
0 1 0 0 0
1e-05 0.99999 0 0 0
0.00039 0.99961 0 0 0
0 1 0 0 0
0.99895 0 0 0.00105 0
0.99934 0 0 0.00066 0
0.99954 0 0 0.00046 0
0.99987 0 0 0.00013 0
0.99941 0 0 0.00059 0
0.99758 0 0 0.00242 0
0.99905 0 0 0.00095 0
0.99872 0 0 0.00128 0
0.99991 0 0 9e-05 0
0.9992 0 0 8e-04 0
0.99972 0 0 0.00028 0
0.00702 0 0 0.99297 1e-05
0.00086 0 0 0.99913 0
0.00886 0 0 0.99105 9e-05
0.00145 0 0 0.99854 0
0.00771 0 0 0.99226 3e-05
0.00216 0 0 0.99783 1e-05
0.05092 0 0 0.94906 2e-05
0.0046 0 0 0.9954 1e-05
0 0 0 0 1
0 0 0 0 1
7e-05 0 0 0 0.99993
2e-05 0 0 1e-05 0.99997
0 0 0 0 1
0 0 0 0 1
0 0 0 0 1
0 0 0 0 1
1e-05 0 0 0 0.99999
0 0 0 0 1
0.94289 0.04342 3e-05 0.01366 0
0.98415 0.00768 0.00012 0.00805 0
0.97558 0.00555 8e-05 0.01878 0
0.92818 0.06685 7e-05 0.00489 0
0.94264 0.05188 0.00018 0.00531 0
0.98176 0.00055 0.00058 0.01706 5e-05
0.97781 0.00285 8e-05 0.01925 0
0.97179 0.00673 4e-05 0.02143 0
0 0 0 0 1
0 0 0 0 1
0 0 0 0 1
0 0 0 0 1
0 0 0 0 1
0 0 0 0 1
0 0 0 0 1
0 0 0 0 1
0 0 0 0 1
0.99807 0 0 0.00193 0
0.99577 0 0 0.00423 0
0.99642 0 0 0.00358 0
0.99163 0 0 0.00837 0
0.99957 0 0 0.00043 0
0.9971 0 0 0.0029 0
0.97664 0 0 0.02336 0
0.97516 0 1e-05 0.02483 0
1 0 0 0 0
1 0 0 0 0
1 0 0 0 0
1 0 0 0 0
1 0 0 0 0
1 0 0 0 0
1 0 0 0 0
1 0 0 0 0
1 0 0 0 0
0.99999 0 0 0 0
1 0 0 0 0
1 0 0 0 0
0 0 0 1 0
0 0 0 1 0
0 0 0 1 0
0 0 0 1 0
0 0 0 1 0
0 0 0 1 0
0 0 0 1 0
0 0 0 1 0
0 0 0 1 0
0.8889 0 0.00141 0.10969 0
0.97256 0 0.00146 0.02598 0
0.99013 0 0.00136 0.00851 0
0.99988 0.00011 0 1e-05 0
0.93059 0 0 0.06941 0
1 0 0 0 0
1 0 0 0 0
1 0 0 0 0
1 0 0 0 0
1 0 0 0 0
0.99999 0 0 1e-05 0
0.00521 0 0 0.99479 0
0.02026 0 0 0.97974 0
0.07945 0 0 0.92055 0
0.02618 0 0 0.97382 0
0.12144 0 0 0.87856 0
0.24333 0 0 0.75667 0
0.16232 0 0 0.83768 0
0.0803 0 0 0.9197 0
0.05354 0 0 0.94646 0
0.06098 0.93902 0 0 0
0.07361 0.92639 0 0 0
0.00374 0.99626 0 0 0
0.12471 0.87529 0 0 0
0.27545 0.72453 0 2e-05 0
0.21908 0.78092 0 0 0
0 0 1 0 0
0 0 1 0 0
0 0 1 0 0
0 0 1 0 0
0 0 1 0 0
0 0 1 0 0
0 0 1 0 0
0.03013 0.96936 0.00023 0.00028 0
0 0 0.99999 1e-05 0
8e-05 0 0.87027 0.12965 0
2e-05 0 0.90711 0.09287 0
3e-05 0 0.951 0.04896 0
0 0 0.90266 0.09734 0
2e-05 0 0.52983 0.47015 0
0.00088 0 0.00039 0.99873 0
0 0 0.99771 0.00229 0
0.00139 0 0.44868 0.54993 0
2e-05 0 0.84694 0.15304 0
0.64429 0.00092 0.00567 0.31348 0.03563
0.99999 0 0 1e-05 0
1 0 0 0 0
0.99991 0 0 9e-05 0
0.99999 0 0 1e-05 0
1 0 0 0 0
0.99998 0 0 2e-05 0
0.99999 0 0 1e-05 0
1 0 0 0 0
0.99978 0 0 0.00022 0
0.99997 0 0 3e-05 0
7e-05 0 0 0.99993 0
0.17015 0 6e-05 0.82976 4e-05
9e-05 2e-05 0 0.9999 0
0.00021 0 0 0.99979 0
0.00024 3e-05 0 0.99974 0
1e-05 0 0 0.99999 0
6e-05 0 0 0.99993 0
0.00064 2e-05 0 0.99934 0
2e-05 0 0 0.99998 0
0.00304 0.00043 0 0.99653 0
2e-05 0 0 0.99998 0
0 1 0 0 0
0 1 0 0 0
0 1 0 0 0
0 1 0 0 0
0 1 0 0 0
0 1 0 0 0
0 1 0 0 0
0 1 0 0 0
0 1 0 0 0
0 1 0 0 0
0 1 0 0 0
0 1 0 0 0
