0 0 0 0 0 0 0 0 0.00178 0.99822
0 0 0 0 0 0 0 0 0.53247 0.46753
0 0 0 0 0 0 0 0 2e-05 0.99998
0 0 0 0 0 0 0 0 0.00014 0.99986
0.00235 0 0 0 0 0 0 0 0.34362 0.65403
0 0 0 0 0 0 0 0 0.00019 0.99981
0 0 0 0 0 0 0 0 0.00134 0.99866
0 0 0 0 0 0 0 0 2e-05 0.99998
0 0 0 0 0 0 0 0 0.02683 0.97317
0 0 0 0 0 0 0 0 6e-05 0.99994
0 0 0 0 0 0 0 0 0.00028 0.99972
0 0 0 0 0 0 0 0 0.00079 0.99921
0 0 0 0 1 0 0 0 0 0
0 0 0 0 1 0 0 0 0 0
0 0 0 0 1 0 0 0 0 0
0 0 0 0 1 0 0 0 0 0
0 0 0 0 1 0 0 0 0 0
0 0 0 0 1 0 0 0 0 0
0 0 0 0 1 0 0 0 0 0
0 0 0 0 1 0 0 0 0 0
0.00037 0 0 0 0 0 0 0.99963 0 0
0.00153 0 0 0 0 0 0 0.99847 0 0
0.00173 0 0 0 0 0 0 0.99827 0 0
0.02151 0 0 0 0 0 0 0.97849 0 0
0.00382 0 0 0 0 0 0 0.99618 0 0
0.00024 0 0 0 0 0 0 0.99976 0 0
8e-04 0 0 0 0 0 0 0.9992 0 0
0.0021 0 0 0 0 0 0 0.9979 0 0
0.00072 0 0 0 0 0 0 0.99928 0 0
0.00047 0 0 0 0 0 0 0.99953 0 0
0 0 0 1 0 0 0 0 0 0
0 0 0 1 0 0 0 0 0 0
0 0 0 1 0 0 0 0 0 0
0 0 0 1 0 0 0 0 0 0
0 0 0 1 0 0 0 0 0 0
0 0 0 1 0 0 0 0 0 0
0 0 0 1 0 0 0 0 0 0
0 0 0 1 0 0 0 0 0 0
0 0.00011 0 0.99977 0 0 0 0 0.00012 0
0 0.00069 0 0.98885 0 0 0 0 0.01046 0
0 1e-05 0 0.99985 0 0 0 0 0.00015 0
0 0 0.99997 0 3e-05 0 0 0 0 0
0 3e-05 0.99983 0 0.00014 0 0 0 0 0
0 0.00026 0.99703 0 0.00271 0 0 0 0 0
0 0 0.99998 0 2e-05 0 0 0 0 0
0 2e-05 0.99987 0 0.00011 0 0 0 0 0
0 2e-05 0.99515 0 0.00483 0 0 0 0 0
0 1e-05 0.99449 0 0.0055 0 0 0 0 0
0 0 0 0 1 0 0 0 0 0
0 0 0 0 1 0 0 0 0 0
0 0 0 0 0.99995 0 5e-05 0 0 0
0 0 0 0 0.99997 0 3e-05 0 0 0
0 0 0 0 0.99991 0 9e-05 0 0 0
0 0 0 0 0.99995 0 5e-05 0 0 0
0 1e-05 0 0 0.99999 0 0 0 0 0
0 0 0 0 0.99999 0 1e-05 0 0 0
0 0 0 0 0.99996 0 4e-05 0 0 0
0 0 0 0 0.99998 0 2e-05 0 0 0
0 0 0 0 0.99999 0 1e-05 0 0 0
0 0 0 0 1 0 0 0 0 0
0 0 1 0 0 0 0 0 0 0
0 0.01279 0.98721 0 0 0 0 0 0 0
0 1e-05 0.99999 0 0 0 0 0 0 0
0 0 1 0 0 0 0 0 0 0
0 0 1 0 0 0 0 0 0 0
0 0 1 0 0 0 0 0 0 0
0 0.00301 0.99699 0 0 0 0 0 0 0
0 0.16928 0.83072 0 0 0 0 0 0 0
0 0 1 0 0 0 0 0 0 0
0.9913 0 0 0 0 0 0 0.0087 0 0
0.99324 0 0 0 0 0 0 0.00676 0 0
0.98436 0 0 0 0 0 0 0.01564 0 0
0.9763 0 0 0 0 0 0 0.0237 0 0
0.9845 0 0 0 0 0 0 0.0155 0 0
0.99075 0 0 0 0 0 0 0.00925 0 0
0.99453 0 0 0 0 0 0 0.00547 0 0
0.98964 0 0 0 0 0 0 0.01036 0 0
0.94541 0 0 0 0 0 0 0.05459 0 0
0.98942 0 0 0 0 0 0 0.01058 0 0
0.96729 0 0 0 0 0 0 0.03271 0 0
7e-05 0 0 0 0 0 0 0 0.99993 0
0.00031 0 0 0 0 0 0 0 0.99968 1e-05
2e-05 1e-05 0 0 0 0 0 0 0.99997 0
0.00149 0 0 0 0 0 0 0 0.99851 1e-05
0.00019 0 0 0 0 0 0 0 0.9998 0
9e-05 0 0 0 0 0 0 0 0.99991 0
0.00028 0.00018 0 0 0 0 0 0 0.99955 0
3e-05 0 0 0 0 0 0 0 0.99997 0
0 0 0 0 0 0 1 0 0 0
0 0 0 0 0 0 1 0 0 0
0 0 0 0 0.99995 0 5e-05 0 0 0
0 0 0 0 0.99998 0 2e-05 0 0 0
0 0 0 0 0 0 1 0 0 0
0 0 0 0 0 0 1 0 0 0
0 0 0 0 0 0 1 0 0 0
0 0 0 0 0 0 1 0 0 0
0 0 0 0 0.99943 0 0.00057 0 0 0
0 0 0 0 0.00024 0 0.99976 0 0 0
0 0.99854 0 0 0 0 0 0 0.00146 0
0 0.99906 0 0 0 0 0 0 0.00094 0
0 0.99665 0 0 0 0 0 0 0.00335 0
0 0.99989 0 0 0 0 0 0 0.00011 0
0 0.99985 0 0 0 0 0 0 0.00015 0
0 0.99196 0 0 0 0 0 0 0.00803 0
0 0.99496 0 0 0 0 0 0 0.00504 0
0 0.99561 0 0 0 0 0 0 0.00439 0
0 0 0 0 0.02842 0 0.97158 0 0 0
0 0 0 0 0.00068 0 0.99932 0 0 0
0 0 0 0 9e-05 0 0.99991 0 0 0
0 0 0 0 0 0 1 0 0 0
0 0 0 0 0 0 1 0 0 0
0 0 0 0 3e-05 0 0.99997 0 0 0
0 0 0 0 1e-05 0 0.99999 0 0 0
0 0 0 0 0.00436 0 0.99564 0 0 0
0 0 0 0 0.02636 0 0.97364 0 0 0
0.98413 0 0 0 0 0 0 0.01587 0 0
0.88009 0 0 0 0 0 0 0.11991 0 0
0.92977 0 0 0 0 0 0 0.07023 0 0
0.98671 0 0 0 0 0 0 0.01329 0 0
0.68302 0 0 0 0 0 0 0.31698 0 0
0.89132 0 0 0 0 0 0 0.10868 0 0
0.92458 0 0 0 0 0 0 0.07539 4e-05 0
0.88866 1e-05 0 0 0 0 0 0.11102 0.00032 0
1e-05 0 0 0 0 0 0 0.99999 0 0
3e-05 0 0 0 0 0 0 0.99997 0 0
5e-05 0 0 0 0 0 0 0.99995 0 0
0.00018 0 0 0 0 0 0 0.99982 0 0
0.00116 0 0 0 0 0 0 0.99884 0 0
0.00166 0 0 0 0 0 0 0.99834 0 0
5e-05 0 0 0 0 0 0 0.99995 0 0
0.00012 0 0 0 0 0 0 0.99988 0 0
2e-05 0 0 0 0 0 0 0.99998 0 0
0 0.01045 0 0 0 0 0 0.98955 0 0
0.00017 0 0 0 0 0 0 0.99983 0 0
0 0 0 0 0 0 0 1 0 0
0 0 0 0 0 0 0 0 0 1
0 0 0 0 0 0 0 0 0 1
0 0 0 0 0 0 0 0 5e-05 0.99995
0 0 0 0 0 0 0 0 3e-05 0.99997
0 0 0 0 0 0 0 0 0 1
0 0 0 0 0 0 0 0 0 1
0 0 0 0 0 0 0 0 0 1
0 0 0 0 0 0 0 0 0 1
0 0 0 0 0 0 0 0 0 1
0.02272 0.32744 0 0 0 0 0 0.00423 0.6456 0
0.01017 0.45035 0 0 0 0 0 0.02334 0.51615 0
0.00533 0.82477 0 0 0 0 0 0.0373 0.13261 0
0.00072 0.00372 0 0 0 0 0 0.99555 0 0
0.99749 0 0 0 0 0 0 0.00249 1e-05 0
0.00076 0 0 0 0 0 0 0.99924 0 0
0.00253 0 0 0 0 0 0 0.99747 0 0
0 0 0 0 0 0 0 1 0 0
7e-05 0 0 0 0 0 0 0.99993 0 0
9e-05 0 0 0 0 0 0 0.99991 0 0
0.00115 8e-05 0 0 0 0 0 0.99878 0 0
0.99806 0 0 0 0 0 0 0 0.00152 0.00042
0.99992 0 0 0 0 0 0 0 4e-05 4e-05
1 0 0 0 0 0 0 0 0 0
1 0 0 0 0 0 0 0 0 0
1 0 0 0 0 0 0 0 0 0
0.99967 0 0 0 0 0 0 4e-05 0.00029 0
1 0 0 0 0 0 0 0 0 0
1 0 0 0 0 0 0 0 0 0
1 0 0 0 0 0 0 0 0 0
0 0.98648 0.01352 0 0 0 0 0 0 0
0 0.99618 0.00381 0 0 0 0 0 0 0
0 0.8023 0.1977 0 0 0 0 0 0 0
0 0.99963 0.00036 0 0 0 0 0 0 0
0 0.99959 0.00041 0 0 0 0 0 0 0
0 0.99956 0.00044 0 0 0 0 0 0 0
0 0 0 0 0 1 0 0 0 0
0 0 0 0 0 1 0 0 0 0
0 0 0 0 0 1 0 0 0 0
0 0 0 0 0 1 0 0 0 0
0 0 0 0 0 1 0 0 0 0
0 0 0 0 0 1 0 0 0 0
0 0 0 0 0 1 0 0 0 0
0 0.99999 0 0 0 0 0 0 1e-05 0
0 0 0 0 0 1 0 0 0 0
0 0 0 0 0 0 0 0 0.9993 7e-04
0 0 0 0 0 0 0 0 0.9992 8e-04
0 0 0 5e-05 0 0 0 0 0.99992 3e-05
0 0 0 2e-05 0 0 0 0 0.99879 0.00119
0 0 0 0 0 0 0 0 0.9978 0.0022
0 0 0 0 0 0 0 0 0.98039 0.01961
0 0 0 0.00257 0 0 0 0 0.99607 0.00136
0 0.00011 0 0 0 0 0 0 0.99987 2e-05
0 0 0 0 0 0 0 0 0.99898 0.00102
0 0.70081 0 0 0.00899 0 0 0 0.2902 0
0.00011 0.00026 0 0 0 0 0 0.99963 0 0
0.00023 0 0 0 0 0 0 0.99977 0 0
0.02575 1e-05 0 0 0 0 0 0.97424 0 0
0.00072 6e-05 0 0 0 0 0 0.99922 0 0
0.00038 0 0 0 0 0 0 0.99962 0 0
0.00166 0 0 0 0 0 0 0.99833 0 0
0.00044 1e-05 0 0 0 0 0 0.99955 0 0
0.00028 0 0 0 0 0 0 0.99971 0 0
0.00498 0.00089 0 0 0 0 0 0.99413 0 0
0.00193 8e-05 0 0 0 0 0 0.99799 0 0
0 0 0 0 0 0 0 0 0.99726 0.00274
1e-05 0.00611 0 0 0 0 0 0 0.99388 0
0 1e-05 0 0 0 0 0 0 0.9995 0.00049
0 0 0 0 0 0 0 0 0.99845 0.00155
0 2e-05 0 0 0 0 0 0 0.99992 6e-05
0 0 0 0 0 0 0 0 0.98745 0.01255
0 0 0 0 0 0 0 0 0.99972 0.00028
0 6e-05 0 0 0 0 0 0 0.99988 6e-05
0 0 0 0 0 0 0 0 0.97265 0.02735
0 0.00055 0 0 0 0 0 0 0.99945 0
0 0 0 0 0 0 0 0 0.95976 0.04024
0 0 1 0 0 0 0 0 0 0
0 0 1 0 0 0 0 0 0 0
0 0 1 0 0 0 0 0 0 0
0 0 1 0 0 0 0 0 0 0
0 0 1 0 0 0 0 0 0 0
0 0 1 0 0 0 0 0 0 0
0 0 1 0 0 0 0 0 0 0
0 0 1 0 0 0 0 0 0 0
0 0 1 0 0 0 0 0 0 0
0 0 1 0 0 0 0 0 0 0
0 0 1 0 0 0 0 0 0 0
0 0 1 0 0 0 0 0 0 0
